<?xml version="1.0" encoding="utf-8"?>
<COLLADA xmlns="http://www.collada.org/2005/11/COLLADASchema" version="1.4.1">
  <asset>
    <contributor>
      <author>Mixamo</author>
      <authoring_tool>COLLADA Mixamo exporter</authoring_tool>
      <comments/>
    </contributor>
    <created>2025-11-07T03:10:45Z</created>
    <modified>2025-11-07T03:10:45Z</modified>
    <revision/>
    <title/>
    <unit meter="0.010000"/>
    <up_axis>Y_UP</up_axis>
  </asset>
  <library_animations>
    <animation id="mixamorig_Hips-anim" name="mixamorig_Hips">
      <source id="mixamorig_Hips-Matrix-animation-input">
        <float_array id="mixamorig_Hips-Matrix-animation-input-array" count="251">

0.000000 0.033333 0.066667 0.100000 0.133333 0.166667 0.200000 0.233333 0.266667 0.300000 0.333333 0.366667 0.400000 0.433333 0.466667 0.500000
0.533333 0.566667 0.600000 0.633333 0.666667 0.700000 0.733333 0.766667 0.800000 0.833333 0.866667 0.900000 0.933333 0.966667 1.000000 1.033333
1.066667 1.100000 1.133333 1.166667 1.200000 1.233333 1.266667 1.300000 1.333333 1.366667 1.400000 1.433333 1.466667 1.500000 1.533333 1.566667
1.600000 1.633333 1.666667 1.700000 1.733333 1.766667 1.800000 1.833333 1.866667 1.900000 1.933333 1.966667 2.000000 2.033333 2.066667 2.100000
2.133333 2.166667 2.200000 2.233333 2.266667 2.300000 2.333333 2.366667 2.400000 2.433333 2.466667 2.500000 2.533333 2.566667 2.600000 2.633333
2.666667 2.700000 2.733333 2.766667 2.800000 2.833333 2.866667 2.900000 2.933333 2.966667 3.000000 3.033333 3.066667 3.100000 3.133333 3.166667
3.200000 3.233333 3.266667 3.300000 3.333333 3.366667 3.400000 3.433333 3.466667 3.500000 3.533333 3.566667 3.600000 3.633333 3.666667 3.700000
3.733333 3.766667 3.800000 3.833333 3.866667 3.900000 3.933333 3.966667 4.000000 4.033333 4.066667 4.100000 4.133333 4.166667 4.200000 4.233333
4.266667 4.300000 4.333333 4.366667 4.400000 4.433333 4.466667 4.500000 4.533333 4.566667 4.600000 4.633333 4.666667 4.700000 4.733333 4.766667
4.800000 4.833333 4.866667 4.900000 4.933333 4.966667 5.000000 5.033333 5.066667 5.100000 5.133333 5.166667 5.200000 5.233333 5.266667 5.300000
5.333333 5.366667 5.400000 5.433333 5.466667 5.500000 5.533333 5.566667 5.600000 5.633333 5.666667 5.700000 5.733333 5.766667 5.800000 5.833333
5.866667 5.900000 5.933333 5.966667 6.000000 6.033333 6.066667 6.100000 6.133333 6.166667 6.200000 6.233333 6.266667 6.300000 6.333333 6.366667
6.400000 6.433333 6.466667 6.500000 6.533333 6.566667 6.600000 6.633333 6.666667 6.700000 6.733333 6.766667 6.800000 6.833333 6.866667 6.900000
6.933333 6.966667 7.000000 7.033333 7.066667 7.100000 7.133333 7.166667 7.200000 7.233333 7.266667 7.300000 7.333333 7.366667 7.400000 7.433333
7.466667 7.500000 7.533333 7.566667 7.600000 7.633333 7.666667 7.700000 7.733333 7.766667 7.800000 7.833333 7.866667 7.900000 7.933333 7.966667
8.000000 8.033333 8.066667 8.100000 8.133333 8.166667 8.200000 8.233333 8.266667 8.300000 8.333333</float_array>
        <technique_common>
          <accessor source="#mixamorig_Hips-Matrix-animation-input-array" count="251">
            <param name="TIME" type="float"/>
          </accessor>
        </technique_common>
      </source>
      <source id="mixamorig_Hips-Matrix-animation-output-transform">
        <float_array id="mixamorig_Hips-Matrix-animation-output-transform-array" count="4016">

0.995784 0.087488 0.027564 1.060120 -0.087939 0.996004 0.015582 111.076675 -0.026090 -0.017940 0.999499 1.131989 0.000000 0.000000 0.000000 1.000000
0.995775 0.087576 0.027633 1.073096 -0.088025 0.995998 0.015460 111.079506 -0.026169 -0.017827 0.999499 1.163299 0.000000 0.000000 0.000000 1.000000
0.995760 0.087686 0.027801 1.085919 -0.088136 0.995990 0.015371 111.083862 -0.026342 -0.017756 0.999495 1.194914 0.000000 0.000000 0.000000 1.000000
0.995742 0.087815 0.028036 1.098778 -0.088266 0.995979 0.015297 111.088455 -0.026580 -0.017706 0.999490 1.226305 0.000000 0.000000 0.000000 1.000000
0.995724 0.087952 0.028263 1.112005 -0.088406 0.995968 0.015214 111.091827 -0.026811 -0.017648 0.999485 1.256689 0.000000 0.000000 0.000000 1.000000
0.995707 0.088090 0.028403 1.125647 -0.088544 0.995957 0.015122 111.093361 -0.026956 -0.017572 0.999482 1.285381 0.000000 0.000000 0.000000 1.000000
0.995693 0.088241 0.028442 1.139825 -0.088693 0.995945 0.015041 111.094162 -0.026999 -0.017499 0.999482 1.312259 0.000000 0.000000 0.000000 1.000000
0.995678 0.088419 0.028417 1.154491 -0.088869 0.995931 0.014988 111.095215 -0.026976 -0.017449 0.999484 1.337620 0.000000 0.000000 0.000000 1.000000
0.995660 0.088630 0.028383 1.169759 -0.089079 0.995912 0.014955 111.096359 -0.026941 -0.017418 0.999485 1.361775 0.000000 0.000000 0.000000 1.000000
0.995639 0.088870 0.028383 1.185596 -0.089317 0.995892 0.014912 111.096214 -0.026941 -0.017382 0.999486 1.384613 0.000000 0.000000 0.000000 1.000000
0.995613 0.089138 0.028442 1.202200 -0.089584 0.995869 0.014832 111.094093 -0.027002 -0.017315 0.999485 1.405668 0.000000 0.000000 0.000000 1.000000
0.995583 0.089438 0.028539 1.219404 -0.089882 0.995844 0.014691 111.091042 -0.027106 -0.017191 0.999485 1.424515 0.000000 0.000000 0.000000 1.000000
0.995554 0.089752 0.028588 1.236431 -0.090191 0.995819 0.014464 111.088921 -0.027171 -0.016979 0.999487 1.441052 0.000000 0.000000 0.000000 1.000000
0.995530 0.090036 0.028505 1.252160 -0.090465 0.995799 0.014136 111.089272 -0.027112 -0.016652 0.999494 1.455458 0.000000 0.000000 0.000000 1.000000
0.995517 0.090247 0.028300 1.265968 -0.090661 0.995787 0.013718 111.092438 -0.026943 -0.016222 0.999505 1.467951 0.000000 0.000000 0.000000 1.000000
0.995513 0.090358 0.028102 1.278612 -0.090757 0.995785 0.013246 111.098282 -0.026787 -0.015737 0.999517 1.478800 0.000000 0.000000 0.000000 1.000000
0.995513 0.090372 0.028049 1.291856 -0.090757 0.995791 0.012759 111.106339 -0.026778 -0.015247 0.999525 1.488556 0.000000 0.000000 0.000000 1.000000
0.995515 0.090313 0.028173 1.307033 -0.090687 0.995804 0.012277 111.115311 -0.026946 -0.014777 0.999528 1.498138 0.000000 0.000000 0.000000 1.000000
0.995516 0.090230 0.028395 1.323922 -0.090595 0.995818 0.011817 111.122940 -0.027210 -0.014336 0.999527 1.508403 0.000000 0.000000 0.000000 1.000000
0.995514 0.090180 0.028610 1.341293 -0.090536 0.995828 0.011400 111.126976 -0.027462 -0.013939 0.999526 1.519553 0.000000 0.000000 0.000000 1.000000
0.995509 0.090192 0.028765 1.357970 -0.090541 0.995831 0.011049 111.127357 -0.027648 -0.013604 0.999525 1.531091 0.000000 0.000000 0.000000 1.000000
0.995500 0.090258 0.028865 1.373545 -0.090600 0.995829 0.010770 111.126434 -0.027772 -0.013337 0.999525 1.542327 0.000000 0.000000 0.000000 1.000000
0.995491 0.090343 0.028915 1.388134 -0.090680 0.995824 0.010558 111.127533 -0.027841 -0.013133 0.999526 1.552691 0.000000 0.000000 0.000000 1.000000
0.995485 0.090415 0.028875 1.402025 -0.090748 0.995820 0.010405 111.132187 -0.027814 -0.012978 0.999529 1.561482 0.000000 0.000000 0.000000 1.000000
0.995487 0.090462 0.028676 1.415440 -0.090788 0.995817 0.010289 111.139244 -0.027625 -0.012846 0.999536 1.567509 0.000000 0.000000 0.000000 1.000000
0.995495 0.090491 0.028290 1.428799 -0.090809 0.995816 0.010170 111.145882 -0.027252 -0.012693 0.999548 1.569435 0.000000 0.000000 0.000000 1.000000
0.995506 0.090538 0.027770 1.442529 -0.090846 0.995815 0.010007 111.149338 -0.026748 -0.012485 0.999564 1.566485 0.000000 0.000000 0.000000 1.000000
0.995511 0.090647 0.027213 1.456810 -0.090942 0.995808 0.009804 111.148506 -0.026211 -0.012235 0.999582 1.558883 0.000000 0.000000 0.000000 1.000000
0.995508 0.090837 0.026690 1.471814 -0.091121 0.995793 0.009619 111.144432 -0.025704 -0.012007 0.999597 1.547720 0.000000 0.000000 0.000000 1.000000
0.995498 0.091085 0.026208 1.487645 -0.091360 0.995772 0.009525 111.139526 -0.025229 -0.011876 0.999611 1.534551 0.000000 0.000000 0.000000 1.000000
0.995487 0.091337 0.025733 1.504503 -0.091608 0.995749 0.009549 111.135811 -0.024752 -0.011863 0.999623 1.521070 0.000000 0.000000 0.000000 1.000000
0.995479 0.091561 0.025247 1.522652 -0.091829 0.995728 0.009662 111.133980 -0.024255 -0.011937 0.999635 1.508691 0.000000 0.000000 0.000000 1.000000
0.995473 0.091758 0.024779 1.542081 -0.092024 0.995708 0.009816 111.133392 -0.023772 -0.012052 0.999645 1.498043 0.000000 0.000000 0.000000 1.000000
0.995465 0.091947 0.024407 1.562522 -0.092212 0.995689 0.009972 111.132904 -0.023385 -0.012178 0.999652 1.488766 0.000000 0.000000 0.000000 1.000000
0.995452 0.092132 0.024221 1.583653 -0.092398 0.995671 0.010106 111.131500 -0.023185 -0.012298 0.999656 1.479973 0.000000 0.000000 0.000000 1.000000
0.995434 0.092313 0.024270 1.605606 -0.092582 0.995653 0.010208 111.129143 -0.023222 -0.012409 0.999653 1.471213 0.000000 0.000000 0.000000 1.000000
0.995412 0.092487 0.024520 1.628311 -0.092761 0.995635 0.010302 111.126930 -0.023460 -0.012529 0.999646 1.463101 0.000000 0.000000 0.000000 1.000000
0.995387 0.092659 0.024867 1.651381 -0.092941 0.995617 0.010441 111.126373 -0.023791 -0.012704 0.999636 1.456982 0.000000 0.000000 0.000000 1.000000
0.995364 0.092823 0.025190 1.674526 -0.093115 0.995598 0.010671 111.127541 -0.024089 -0.012967 0.999626 1.453799 0.000000 0.000000 0.000000 1.000000
0.995345 0.092971 0.025395 1.697654 -0.093273 0.995580 0.010975 111.129082 -0.024262 -0.013293 0.999617 1.453228 0.000000 0.000000 0.000000 1.000000
0.995331 0.093103 0.025453 1.720519 -0.093413 0.995563 0.011289 111.129303 -0.024289 -0.013614 0.999612 1.453881 0.000000 0.000000 0.000000 1.000000
0.995320 0.093233 0.025415 1.741862 -0.093549 0.995548 0.011555 111.128235 -0.024225 -0.013878 0.999610 1.454487 0.000000 0.000000 0.000000 1.000000
0.995307 0.093374 0.025388 1.760030 -0.093696 0.995531 0.011774 111.127640 -0.024175 -0.014098 0.999608 1.454993 0.000000 0.000000 0.000000 1.000000
0.995291 0.093526 0.025470 1.773522 -0.093854 0.995514 0.012001 111.128860 -0.024233 -0.014335 0.999604 1.456570 0.000000 0.000000 0.000000 1.000000
0.995272 0.093668 0.025686 1.782217 -0.094006 0.995496 0.012286 111.132111 -0.024420 -0.014643 0.999595 1.460515 0.000000 0.000000 0.000000 1.000000
0.995254 0.093778 0.025990 1.787191 -0.094129 0.995480 0.012631 111.136024 -0.024688 -0.015017 0.999582 1.467204 0.000000 0.000000 0.000000 1.000000
0.995238 0.093860 0.026312 1.789742 -0.094225 0.995466 0.012988 111.138893 -0.024973 -0.015406 0.999569 1.476192 0.000000 0.000000 0.000000 1.000000
0.995222 0.093946 0.026607 1.790531 -0.094324 0.995452 0.013317 111.139572 -0.025235 -0.015763 0.999557 1.487217 0.000000 0.000000 0.000000 1.000000
0.995204 0.094063 0.026871 1.789502 -0.094453 0.995436 0.013621 111.137985 -0.025467 -0.016094 0.999546 1.500626 0.000000 0.000000 0.000000 1.000000
0.995184 0.094199 0.027116 1.786733 -0.094601 0.995418 0.013928 111.135353 -0.025680 -0.016427 0.999535 1.516665 0.000000 0.000000 0.000000 1.000000
0.995169 0.094296 0.027345 1.783245 -0.094709 0.995403 0.014248 111.133736 -0.025876 -0.016769 0.999525 1.534590 0.000000 0.000000 0.000000 1.000000
0.995163 0.094296 0.027533 1.780393 -0.094721 0.995398 0.014549 111.134712 -0.026035 -0.017087 0.999515 1.552944 0.000000 0.000000 0.000000 1.000000
0.995170 0.094193 0.027641 1.778937 -0.094626 0.995403 0.014796 111.138290 -0.026121 -0.017340 0.999508 1.570481 0.000000 0.000000 0.000000 1.000000
0.995185 0.094036 0.027644 1.778379 -0.094474 0.995415 0.014985 111.142212 -0.026108 -0.017524 0.999506 1.586517 0.000000 0.000000 0.000000 1.000000
0.995199 0.093913 0.027559 1.777434 -0.094353 0.995424 0.015143 111.143684 -0.026011 -0.017671 0.999505 1.600672 0.000000 0.000000 0.000000 1.000000
0.995204 0.093891 0.027443 1.775209 -0.094334 0.995423 0.015303 111.141457 -0.025881 -0.017819 0.999506 1.612735 0.000000 0.000000 0.000000 1.000000
0.995200 0.093960 0.027348 1.771987 -0.094406 0.995414 0.015470 111.137299 -0.025769 -0.017978 0.999506 1.622987 0.000000 0.000000 0.000000 1.000000
0.995197 0.094021 0.027270 1.769033 -0.094469 0.995405 0.015621 111.134720 -0.025676 -0.018123 0.999506 1.632227 0.000000 0.000000 0.000000 1.000000
0.995206 0.093958 0.027151 1.767312 -0.094406 0.995410 0.015721 111.136314 -0.025549 -0.018208 0.999508 1.641255 0.000000 0.000000 0.000000 1.000000
0.995232 0.093739 0.026934 1.766869 -0.094184 0.995430 0.015748 111.141678 -0.025335 -0.018209 0.999513 1.650319 0.000000 0.000000 0.000000 1.000000
0.995268 0.093448 0.026638 1.766718 -0.093886 0.995459 0.015706 111.147873 -0.025050 -0.018133 0.999522 1.659204 0.000000 0.000000 0.000000 1.000000
0.995299 0.093197 0.026355 1.765843 -0.093628 0.995485 0.015614 111.152420 -0.024781 -0.018008 0.999531 1.667782 0.000000 0.000000 0.000000 1.000000
0.995319 0.093031 0.026189 1.763691 -0.093456 0.995503 0.015486 111.155037 -0.024631 -0.017861 0.999537 1.676418 0.000000 0.000000 0.000000 1.000000
0.995330 0.092916 0.026187 1.760226 -0.093337 0.995517 0.015333 111.157135 -0.024645 -0.017705 0.999539 1.685818 0.000000 0.000000 0.000000 1.000000
0.995337 0.092795 0.026325 1.755401 -0.093214 0.995531 0.015167 111.160301 -0.024800 -0.017550 0.999538 1.696590 0.000000 0.000000 0.000000 1.000000
0.995346 0.092642 0.026536 1.749215 -0.093061 0.995547 0.015005 111.164772 -0.025028 -0.017404 0.999535 1.708863 0.000000 0.000000 0.000000 1.000000
0.995357 0.092461 0.026747 1.741988 -0.092880 0.995566 0.014862 111.169876 -0.025255 -0.017277 0.999532 1.722325 0.000000 0.000000 0.000000 1.000000
0.995371 0.092263 0.026908 1.734487 -0.092681 0.995587 0.014739 111.175056 -0.025429 -0.017164 0.999529 1.736452 0.000000 0.000000 0.000000 1.000000
0.995389 0.092048 0.026995 1.727675 -0.092465 0.995609 0.014622 111.179581 -0.025530 -0.017050 0.999529 1.750509 0.000000 0.000000 0.000000 1.000000
0.995409 0.091824 0.027006 1.721911 -0.092238 0.995631 0.014500 111.182999 -0.025556 -0.016924 0.999530 1.763566 0.000000 0.000000 0.000000 1.000000
0.995431 0.091605 0.026940 1.716433 -0.092014 0.995654 0.014377 111.185333 -0.025506 -0.016790 0.999534 1.774658 0.000000 0.000000 0.000000 1.000000
0.995454 0.091399 0.026793 1.709935 -0.091804 0.995675 0.014267 111.187393 -0.025373 -0.016662 0.999539 1.783097 0.000000 0.000000 0.000000 1.000000
0.995478 0.091202 0.026559 1.701636 -0.091600 0.995695 0.014165 111.189926 -0.025153 -0.016534 0.999547 1.788632 0.000000 0.000000 0.000000 1.000000
0.995504 0.091006 0.026244 1.691868 -0.091395 0.995716 0.014051 111.192902 -0.024853 -0.016386 0.999557 1.791166 0.000000 0.000000 0.000000 1.000000
0.995531 0.090823 0.025872 1.681411 -0.091203 0.995735 0.013905 111.195061 -0.024499 -0.016203 0.999569 1.790448 0.000000 0.000000 0.000000 1.000000
0.995554 0.090686 0.025469 1.670666 -0.091055 0.995751 0.013740 111.195412 -0.024115 -0.015998 0.999581 1.786157 0.000000 0.000000 0.000000 1.000000
0.995571 0.090612 0.025049 1.659738 -0.090971 0.995761 0.013582 111.194298 -0.023713 -0.015800 0.999594 1.778369 0.000000 0.000000 0.000000 1.000000
0.995586 0.090572 0.024605 1.649085 -0.090920 0.995767 0.013443 111.192764 -0.023283 -0.015620 0.999607 1.767900 0.000000 0.000000 0.000000 1.000000
0.995603 0.090513 0.024125 1.639562 -0.090851 0.995776 0.013312 111.191200 -0.022819 -0.015445 0.999620 1.756097 0.000000 0.000000 0.000000 1.000000
0.995624 0.090408 0.023634 1.631773 -0.090736 0.995788 0.013178 111.189285 -0.022343 -0.015265 0.999634 1.744210 0.000000 0.000000 0.000000 1.000000
0.995647 0.090269 0.023200 1.625425 -0.090587 0.995803 0.013058 111.186707 -0.021924 -0.015103 0.999646 1.732960 0.000000 0.000000 0.000000 1.000000
0.995667 0.090120 0.022910 1.619519 -0.090433 0.995818 0.012998 111.184601 -0.021642 -0.015013 0.999653 1.722791 0.000000 0.000000 0.000000 1.000000
0.995683 0.089977 0.022804 1.613003 -0.090289 0.995830 0.013035 111.184448 -0.021536 -0.015038 0.999655 1.714168 0.000000 0.000000 0.000000 1.000000
0.995694 0.089836 0.022867 1.605448 -0.090152 0.995841 0.013166 111.186676 -0.021589 -0.015171 0.999652 1.707379 0.000000 0.000000 0.000000 1.000000
0.995703 0.089687 0.023045 1.597221 -0.090009 0.995852 0.013340 111.189903 -0.021753 -0.015357 0.999645 1.702012 0.000000 0.000000 0.000000 1.000000
0.995712 0.089529 0.023279 1.589015 -0.089858 0.995863 0.013498 111.191956 -0.021974 -0.015532 0.999638 1.696990 0.000000 0.000000 0.000000 1.000000
0.995720 0.089382 0.023517 1.581009 -0.089717 0.995874 0.013618 111.191139 -0.022203 -0.015670 0.999631 1.691146 0.000000 0.000000 0.000000 1.000000
0.995723 0.089290 0.023726 1.572670 -0.089631 0.995880 0.013730 111.187317 -0.022402 -0.015798 0.999624 1.683838 0.000000 0.000000 0.000000 1.000000
0.995719 0.089287 0.023896 1.563009 -0.089635 0.995878 0.013878 111.181175 -0.022558 -0.015960 0.999618 1.675019 0.000000 0.000000 0.000000 1.000000
0.995708 0.089377 0.024035 1.551144 -0.089731 0.995867 0.014079 111.173538 -0.022678 -0.016175 0.999612 1.665212 0.000000 0.000000 0.000000 1.000000
0.995692 0.089523 0.024149 1.536690 -0.089884 0.995850 0.014305 111.164925 -0.022769 -0.016414 0.999606 1.655545 0.000000 0.000000 0.000000 1.000000
0.995676 0.089674 0.024226 1.519685 -0.090041 0.995832 0.014514 111.155952 -0.022823 -0.016633 0.999601 1.647668 0.000000 0.000000 0.000000 1.000000
0.995666 0.089788 0.024247 1.500190 -0.090159 0.995819 0.014689 111.147812 -0.022827 -0.016812 0.999598 1.643082 0.000000 0.000000 0.000000 1.000000
0.995662 0.089836 0.024219 1.478286 -0.090211 0.995812 0.014841 111.142151 -0.022784 -0.016962 0.999597 1.642163 0.000000 0.000000 0.000000 1.000000
0.995666 0.089807 0.024177 1.454247 -0.090184 0.995812 0.014980 111.139992 -0.022730 -0.017095 0.999595 1.643729 0.000000 0.000000 0.000000 1.000000
0.995675 0.089708 0.024165 1.429075 -0.090087 0.995820 0.015083 111.140831 -0.022711 -0.017194 0.999594 1.645835 0.000000 0.000000 0.000000 1.000000
0.995688 0.089560 0.024192 1.404125 -0.089941 0.995832 0.015111 111.142776 -0.022738 -0.017221 0.999593 1.647074 0.000000 0.000000 0.000000 1.000000
0.995701 0.089400 0.024223 1.380491 -0.089779 0.995848 0.015051 111.143944 -0.022777 -0.017161 0.999593 1.647235 0.000000 0.000000 0.000000 1.000000
0.995715 0.089248 0.024210 1.358264 -0.089624 0.995864 0.014940 111.143608 -0.022776 -0.017046 0.999595 1.646702 0.000000 0.000000 0.000000 1.000000
0.995728 0.089116 0.024151 1.337078 -0.089489 0.995877 0.014833 111.141968 -0.022729 -0.016930 0.999598 1.645577 0.000000 0.000000 0.000000 1.000000
0.995739 0.089011 0.024111 1.316637 -0.089381 0.995888 0.014756 111.139473 -0.022699 -0.016848 0.999600 1.643490 0.000000 0.000000 0.000000 1.000000
0.995744 0.088933 0.024180 1.297322 -0.089304 0.995896 0.014693 111.136292 -0.022774 -0.016790 0.999600 1.640143 0.000000 0.000000 0.000000 1.000000
0.995745 0.088871 0.024379 1.279987 -0.089242 0.995903 0.014612 111.132545 -0.022981 -0.016725 0.999596 1.635724 0.000000 0.000000 0.000000 1.000000
0.995745 0.088799 0.024615 1.265008 -0.089172 0.995911 0.014501 111.129013 -0.023226 -0.016635 0.999592 1.630700 0.000000 0.000000 0.000000 1.000000
0.995751 0.088699 0.024739 1.252094 -0.089071 0.995922 0.014370 111.126732 -0.023363 -0.016512 0.999591 1.625204 0.000000 0.000000 0.000000 1.000000
0.995765 0.088564 0.024682 1.240787 -0.088931 0.995936 0.014218 111.125969 -0.023322 -0.016353 0.999594 1.618696 0.000000 0.000000 0.000000 1.000000
0.995782 0.088411 0.024520 1.231132 -0.088771 0.995953 0.014026 111.126076 -0.023181 -0.016143 0.999601 1.610480 0.000000 0.000000 0.000000 1.000000
0.995797 0.088276 0.024400 1.223391 -0.088629 0.995969 0.013780 111.125999 -0.023085 -0.015884 0.999607 1.600491 0.000000 0.000000 0.000000 1.000000
0.995804 0.088199 0.024389 1.217416 -0.088545 0.995981 0.013503 111.124985 -0.023100 -0.015606 0.999611 1.589574 0.000000 0.000000 0.000000 1.000000
0.995803 0.088204 0.024433 1.212541 -0.088545 0.995984 0.013239 111.122833 -0.023167 -0.015347 0.999614 1.578825 0.000000 0.000000 0.000000 1.000000
0.995796 0.088279 0.024420 1.208375 -0.088614 0.995981 0.013010 111.119713 -0.023173 -0.015120 0.999617 1.568751 0.000000 0.000000 0.000000 1.000000
0.995792 0.088370 0.024280 1.205598 -0.088698 0.995976 0.012800 111.116539 -0.023051 -0.014900 0.999623 1.559269 0.000000 0.000000 0.000000 1.000000
0.995794 0.088418 0.024029 1.204937 -0.088738 0.995976 0.012580 111.114647 -0.022821 -0.014659 0.999632 1.550350 0.000000 0.000000 0.000000 1.000000
0.995801 0.088408 0.023744 1.206539 -0.088718 0.995980 0.012344 111.115044 -0.022557 -0.014399 0.999642 1.542321 0.000000 0.000000 0.000000 1.000000
0.995809 0.088378 0.023521 1.209937 -0.088680 0.995986 0.012116 111.117264 -0.022356 -0.014151 0.999650 1.535557 0.000000 0.000000 0.000000 1.000000
0.995810 0.088385 0.023446 1.214651 -0.088681 0.995989 0.011916 111.119507 -0.022299 -0.013945 0.999654 1.530015 0.000000 0.000000 0.000000 1.000000
0.995803 0.088438 0.023550 1.220751 -0.088732 0.995986 0.011738 111.120514 -0.022417 -0.013779 0.999654 1.525280 0.000000 0.000000 0.000000 1.000000
0.995792 0.088495 0.023793 1.228362 -0.088789 0.995983 0.011567 111.120110 -0.022673 -0.013631 0.999650 1.521016 0.000000 0.000000 0.000000 1.000000
0.995784 0.088508 0.024081 1.237206 -0.088801 0.995984 0.011404 111.119194 -0.022975 -0.013495 0.999645 1.517298 0.000000 0.000000 0.000000 1.000000
0.995781 0.088475 0.024327 1.246490 -0.088769 0.995988 0.011274 111.118408 -0.023232 -0.013386 0.999640 1.514607 0.000000 0.000000 0.000000 1.000000
0.995781 0.088441 0.024481 1.255367 -0.088735 0.995992 0.011203 111.117813 -0.023392 -0.013328 0.999638 1.513523 0.000000 0.000000 0.000000 1.000000
0.995779 0.088442 0.024536 1.263127 -0.088737 0.995992 0.011197 111.117661 -0.023448 -0.013327 0.999636 1.514251 0.000000 0.000000 0.000000 1.000000
0.995777 0.088466 0.024518 1.269948 -0.088761 0.995990 0.011231 111.118378 -0.023427 -0.013360 0.999636 1.516292 0.000000 0.000000 0.000000 1.000000
0.995778 0.088469 0.024473 1.276555 -0.088765 0.995989 0.011263 111.120193 -0.023379 -0.013388 0.999637 1.518642 0.000000 0.000000 0.000000 1.000000
0.995782 0.088432 0.024450 1.283575 -0.088727 0.995992 0.011259 111.122665 -0.023357 -0.013381 0.999638 1.520377 0.000000 0.000000 0.000000 1.000000
0.995786 0.088378 0.024477 1.290704 -0.088673 0.995998 0.011220 111.124847 -0.023388 -0.013343 0.999637 1.521176 0.000000 0.000000 0.000000 1.000000
0.995786 0.088354 0.024558 1.296939 -0.088648 0.996000 0.011173 111.126152 -0.023473 -0.013303 0.999636 1.521313 0.000000 0.000000 0.000000 1.000000
0.995781 0.088382 0.024693 1.301920 -0.088678 0.995998 0.011142 111.126625 -0.023609 -0.013285 0.999633 1.521306 0.000000 0.000000 0.000000 1.000000
0.995770 0.088447 0.024890 1.306598 -0.088744 0.995992 0.011119 111.126480 -0.023807 -0.013281 0.999628 1.521419 0.000000 0.000000 0.000000 1.000000
0.995757 0.088519 0.025136 1.312159 -0.088819 0.995986 0.011083 111.126068 -0.024054 -0.013269 0.999623 1.521550 0.000000 0.000000 0.000000 1.000000
0.995745 0.088593 0.025373 1.318423 -0.088896 0.995980 0.011050 111.125450 -0.024292 -0.013258 0.999617 1.521519 0.000000 0.000000 0.000000 1.000000
0.995732 0.088691 0.025530 1.323802 -0.088996 0.995971 0.011059 111.124886 -0.024446 -0.013284 0.999613 1.521299 0.000000 0.000000 0.000000 1.000000
0.995720 0.088814 0.025579 1.327536 -0.089121 0.995959 0.011121 111.124298 -0.024487 -0.013353 0.999611 1.520944 0.000000 0.000000 0.000000 1.000000
0.995709 0.088941 0.025564 1.330661 -0.089250 0.995946 0.011186 111.123611 -0.024466 -0.013419 0.999611 1.520376 0.000000 0.000000 0.000000 1.000000
0.995699 0.089050 0.025563 1.334768 -0.089358 0.995937 0.011188 111.122452 -0.024463 -0.013424 0.999611 1.519266 0.000000 0.000000 0.000000 1.000000
0.995688 0.089158 0.025629 1.340558 -0.089465 0.995928 0.011113 111.120667 -0.024534 -0.013358 0.999610 1.517307 0.000000 0.000000 0.000000 1.000000
0.995672 0.089302 0.025751 1.347701 -0.089608 0.995916 0.011007 111.118744 -0.024663 -0.013267 0.999608 1.514516 0.000000 0.000000 0.000000 1.000000
0.995652 0.089488 0.025860 1.356019 -0.089794 0.995900 0.010929 111.117737 -0.024776 -0.013204 0.999606 1.511442 0.000000 0.000000 0.000000 1.000000
0.995636 0.089666 0.025870 1.365787 -0.089972 0.995885 0.010910 111.118629 -0.024786 -0.013190 0.999606 1.508887 0.000000 0.000000 0.000000 1.000000
0.995630 0.089766 0.025758 1.377328 -0.090071 0.995875 0.010930 111.122025 -0.024671 -0.013202 0.999608 1.507247 0.000000 0.000000 0.000000 1.000000
0.995635 0.089754 0.025598 1.390687 -0.090057 0.995876 0.010946 111.126892 -0.024510 -0.013204 0.999612 1.506019 0.000000 0.000000 0.000000 1.000000
0.995645 0.089670 0.025511 1.405582 -0.089972 0.995884 0.010938 111.131775 -0.024425 -0.013186 0.999615 1.504185 0.000000 0.000000 0.000000 1.000000
0.995650 0.089593 0.025562 1.421283 -0.089896 0.995891 0.010932 111.135391 -0.024477 -0.013182 0.999613 1.501019 0.000000 0.000000 0.000000 1.000000
0.995649 0.089568 0.025712 1.436802 -0.089874 0.995893 0.010971 111.137970 -0.024624 -0.013234 0.999609 1.496458 0.000000 0.000000 0.000000 1.000000
0.995644 0.089571 0.025867 1.451508 -0.089881 0.995891 0.011072 111.140839 -0.024769 -0.013349 0.999604 1.490737 0.000000 0.000000 0.000000 1.000000
0.995644 0.089550 0.025956 1.465511 -0.089865 0.995891 0.011205 111.145111 -0.024846 -0.013488 0.999600 1.483849 0.000000 0.000000 0.000000 1.000000
0.995649 0.089491 0.025978 1.478885 -0.089809 0.995895 0.011327 111.150230 -0.024858 -0.013610 0.999598 1.475410 0.000000 0.000000 0.000000 1.000000
0.995653 0.089439 0.025984 1.491239 -0.089759 0.995898 0.011421 111.154144 -0.024856 -0.013703 0.999597 1.464960 0.000000 0.000000 0.000000 1.000000
0.995651 0.089454 0.026019 1.501501 -0.089776 0.995896 0.011503 111.155121 -0.024883 -0.013789 0.999595 1.452430 0.000000 0.000000 0.000000 1.000000
0.995640 0.089552 0.026086 1.508836 -0.089878 0.995885 0.011602 111.153366 -0.024939 -0.013896 0.999592 1.438394 0.000000 0.000000 0.000000 1.000000
0.995627 0.089689 0.026145 1.513645 -0.090020 0.995871 0.011730 111.150711 -0.024985 -0.014032 0.999589 1.423882 0.000000 0.000000 0.000000 1.000000
0.995616 0.089808 0.026153 1.516759 -0.090142 0.995858 0.011884 111.148735 -0.024977 -0.014190 0.999587 1.409880 0.000000 0.000000 0.000000 1.000000
0.995610 0.089885 0.026097 1.518112 -0.090223 0.995849 0.012055 111.147827 -0.024906 -0.014357 0.999587 1.396726 0.000000 0.000000 0.000000 1.000000
0.995607 0.089947 0.026007 1.516494 -0.090288 0.995841 0.012235 111.147346 -0.024798 -0.014529 0.999587 1.383819 0.000000 0.000000 0.000000 1.000000
0.995601 0.090028 0.025944 1.510636 -0.090372 0.995831 0.012408 111.146309 -0.024718 -0.014698 0.999586 1.369885 0.000000 0.000000 0.000000 1.000000
0.995590 0.090138 0.025981 1.500843 -0.090486 0.995819 0.012548 111.144211 -0.024741 -0.014844 0.999584 1.353799 0.000000 0.000000 0.000000 1.000000
0.995575 0.090260 0.026162 1.488930 -0.090613 0.995806 0.012642 111.141319 -0.024911 -0.014957 0.999578 1.335415 0.000000 0.000000 0.000000 1.000000
0.995557 0.090365 0.026449 1.476651 -0.090725 0.995795 0.012719 111.138184 -0.025189 -0.015062 0.999569 1.315696 0.000000 0.000000 0.000000 1.000000
0.995545 0.090424 0.026732 1.464578 -0.090790 0.995787 0.012827 111.135452 -0.025460 -0.015197 0.999560 1.295978 0.000000 0.000000 0.000000 1.000000
0.995540 0.090416 0.026909 1.452175 -0.090790 0.995785 0.012993 111.133247 -0.025620 -0.015378 0.999553 1.277102 0.000000 0.000000 0.000000 1.000000
0.995546 0.090339 0.026977 1.438931 -0.090719 0.995789 0.013196 111.131264 -0.025671 -0.015585 0.999549 1.259225 0.000000 0.000000 0.000000 1.000000
0.995556 0.090209 0.027038 1.424624 -0.090595 0.995798 0.013396 111.128777 -0.025716 -0.015786 0.999545 1.242324 0.000000 0.000000 0.000000 1.000000
0.995566 0.090053 0.027192 1.409034 -0.090446 0.995809 0.013580 111.125374 -0.025855 -0.015979 0.999538 1.226790 0.000000 0.000000 0.000000 1.000000
0.995572 0.089900 0.027455 1.391289 -0.090302 0.995819 0.013764 111.121201 -0.026103 -0.016182 0.999528 1.213638 0.000000 0.000000 0.000000 1.000000
0.995576 0.089765 0.027757 1.370383 -0.090177 0.995828 0.013972 111.117035 -0.026387 -0.016413 0.999517 1.204175 0.000000 0.000000 0.000000 1.000000
0.995580 0.089646 0.028018 1.346122 -0.090069 0.995834 0.014218 111.114021 -0.026627 -0.016679 0.999506 1.199419 0.000000 0.000000 0.000000 1.000000
0.995585 0.089529 0.028206 1.319323 -0.089963 0.995839 0.014506 111.113052 -0.026790 -0.016979 0.999497 1.199528 0.000000 0.000000 0.000000 1.000000
0.995593 0.089406 0.028322 1.291408 -0.089851 0.995845 0.014834 111.113869 -0.026878 -0.017314 0.999489 1.203449 0.000000 0.000000 0.000000 1.000000
0.995603 0.089278 0.028366 1.263573 -0.089733 0.995850 0.015181 111.114944 -0.026893 -0.017659 0.999482 1.209077 0.000000 0.000000 0.000000 1.000000
0.995615 0.089149 0.028326 1.236887 -0.089611 0.995856 0.015489 111.114624 -0.026827 -0.017959 0.999479 1.214022 0.000000 0.000000 0.000000 1.000000
0.995631 0.089016 0.028189 1.212204 -0.089481 0.995865 0.015695 111.112663 -0.026675 -0.018149 0.999479 1.216626 0.000000 0.000000 0.000000 1.000000
0.995651 0.088863 0.027962 1.189810 -0.089327 0.995877 0.015783 111.110580 -0.026444 -0.018212 0.999484 1.216600 0.000000 0.000000 0.000000 1.000000
0.995676 0.088680 0.027667 1.169335 -0.089138 0.995894 0.015798 111.109909 -0.026152 -0.018196 0.999492 1.214648 0.000000 0.000000 0.000000 1.000000
0.995704 0.088467 0.027333 1.149983 -0.088919 0.995913 0.015802 111.110405 -0.025824 -0.018164 0.999501 1.211424 0.000000 0.000000 0.000000 1.000000
0.995732 0.088254 0.027003 1.131524 -0.088700 0.995933 0.015803 111.110054 -0.025499 -0.018131 0.999510 1.206907 0.000000 0.000000 0.000000 1.000000
0.995755 0.088077 0.026715 1.114187 -0.088517 0.995950 0.015763 111.107376 -0.025218 -0.018061 0.999519 1.200815 0.000000 0.000000 0.000000 1.000000
0.995774 0.087939 0.026488 1.098059 -0.088372 0.995965 0.015646 111.103386 -0.025006 -0.017920 0.999527 1.193519 0.000000 0.000000 0.000000 1.000000
0.995791 0.087789 0.026321 1.082895 -0.088214 0.995982 0.015461 111.100693 -0.024858 -0.017717 0.999534 1.186416 0.000000 0.000000 0.000000 1.000000
0.995815 0.087559 0.026201 1.068226 -0.087977 0.996006 0.015239 111.101273 -0.024763 -0.017480 0.999541 1.181355 0.000000 0.000000 0.000000 1.000000
0.995846 0.087226 0.026136 1.053586 -0.087636 0.996040 0.015005 111.104744 -0.024724 -0.017233 0.999546 1.179721 0.000000 0.000000 0.000000 1.000000
0.995879 0.086834 0.026163 1.038459 -0.087240 0.996078 0.014784 111.109230 -0.024777 -0.017006 0.999548 1.182029 0.000000 0.000000 0.000000 1.000000
0.995907 0.086459 0.026333 1.022376 -0.086863 0.996113 0.014612 111.112930 -0.024967 -0.016839 0.999546 1.188118 0.000000 0.000000 0.000000 1.000000
0.995924 0.086158 0.026668 1.004807 -0.086566 0.996140 0.014522 111.115135 -0.025313 -0.016772 0.999539 1.197464 0.000000 0.000000 0.000000 1.000000
0.995930 0.085949 0.027116 0.985232 -0.086364 0.996158 0.014528 111.116074 -0.025763 -0.016811 0.999527 1.209240 0.000000 0.000000 0.000000 1.000000
0.995930 0.085817 0.027561 0.963543 -0.086242 0.996167 0.014608 111.116135 -0.026201 -0.016926 0.999513 1.222238 0.000000 0.000000 0.000000 1.000000
0.995928 0.085730 0.027872 0.940526 -0.086163 0.996172 0.014718 111.115395 -0.026504 -0.017060 0.999503 1.235078 0.000000 0.000000 0.000000 1.000000
0.995932 0.085661 0.027970 0.917654 -0.086098 0.996176 0.014819 111.113937 -0.026594 -0.017167 0.999499 1.246782 0.000000 0.000000 0.000000 1.000000
0.995941 0.085597 0.027851 0.896127 -0.086034 0.996181 0.014910 111.111977 -0.026468 -0.017246 0.999501 1.257008 0.000000 0.000000 0.000000 1.000000
0.995953 0.085539 0.027576 0.875934 -0.085975 0.996184 0.015038 111.110329 -0.026184 -0.017348 0.999507 1.265736 0.000000 0.000000 0.000000 1.000000
0.995967 0.085478 0.027247 0.856623 -0.085914 0.996186 0.015237 111.110046 -0.025841 -0.017516 0.999513 1.272895 0.000000 0.000000 0.000000 1.000000
0.995982 0.085394 0.026964 0.838739 -0.085831 0.996190 0.015468 111.111488 -0.025541 -0.017720 0.999517 1.278226 0.000000 0.000000 0.000000 1.000000
0.995998 0.085269 0.026778 0.823590 -0.085707 0.996198 0.015637 111.113686 -0.025343 -0.017869 0.999519 1.281438 0.000000 0.000000 0.000000 1.000000
0.996014 0.085123 0.026668 0.811700 -0.085559 0.996210 0.015688 111.114685 -0.025232 -0.017907 0.999521 1.282468 0.000000 0.000000 0.000000 1.000000
0.996026 0.085003 0.026595 0.802033 -0.085438 0.996220 0.015659 111.113037 -0.025163 -0.017869 0.999524 1.281481 0.000000 0.000000 0.000000 1.000000
0.996031 0.084954 0.026564 0.793032 -0.085387 0.996225 0.015629 111.109222 -0.025136 -0.017836 0.999525 1.278674 0.000000 0.000000 0.000000 1.000000
0.996027 0.084981 0.026635 0.784475 -0.085416 0.996223 0.015633 111.105095 -0.025206 -0.017845 0.999523 1.274196 0.000000 0.000000 0.000000 1.000000
0.996015 0.085058 0.026836 0.777317 -0.085496 0.996216 0.015644 111.101830 -0.025403 -0.017876 0.999517 1.268263 0.000000 0.000000 0.000000 1.000000
0.995999 0.085151 0.027106 0.772522 -0.085595 0.996207 0.015633 111.099167 -0.025672 -0.017891 0.999510 1.261225 0.000000 0.000000 0.000000 1.000000
0.995985 0.085243 0.027326 0.769740 -0.085690 0.996200 0.015595 111.095917 -0.025893 -0.017874 0.999505 1.253081 0.000000 0.000000 0.000000 1.000000
0.995976 0.085321 0.027413 0.768268 -0.085768 0.996194 0.015538 111.091957 -0.025983 -0.017827 0.999503 1.243133 0.000000 0.000000 0.000000 1.000000
0.995974 0.085362 0.027382 0.767699 -0.085805 0.996192 0.015460 111.088882 -0.025958 -0.017748 0.999505 1.230327 0.000000 0.000000 0.000000 1.000000
0.995977 0.085344 0.027305 0.768211 -0.085784 0.996195 0.015360 111.088844 -0.025891 -0.017641 0.999509 1.214334 0.000000 0.000000 0.000000 1.000000
0.995984 0.085282 0.027238 0.769669 -0.085718 0.996203 0.015252 111.091667 -0.025834 -0.017525 0.999513 1.196263 0.000000 0.000000 0.000000 1.000000
0.995991 0.085227 0.027172 0.771506 -0.085659 0.996209 0.015161 111.094818 -0.025777 -0.017428 0.999516 1.178030 0.000000 0.000000 0.000000 1.000000
0.995994 0.085224 0.027081 0.773247 -0.085653 0.996210 0.015105 111.095436 -0.025691 -0.017364 0.999519 1.161123 0.000000 0.000000 0.000000 1.000000
0.995992 0.085272 0.026977 0.774903 -0.085699 0.996207 0.015080 111.092766 -0.025589 -0.017332 0.999522 1.146137 0.000000 0.000000 0.000000 1.000000
0.995988 0.085343 0.026919 0.776792 -0.085769 0.996201 0.015082 111.088043 -0.025529 -0.017331 0.999524 1.133441 0.000000 0.000000 0.000000 1.000000
0.995980 0.085429 0.026949 0.778959 -0.085856 0.996193 0.015129 111.082520 -0.025554 -0.017382 0.999522 1.123890 0.000000 0.000000 0.000000 1.000000
0.995967 0.085549 0.027042 0.781411 -0.085981 0.996180 0.015262 111.077019 -0.025633 -0.017526 0.999518 1.118541 0.000000 0.000000 0.000000 1.000000
0.995951 0.085711 0.027129 0.784045 -0.086152 0.996161 0.015516 111.072594 -0.025695 -0.017790 0.999512 1.117769 0.000000 0.000000 0.000000 1.000000
0.995936 0.085871 0.027158 0.787147 -0.086321 0.996141 0.015864 111.070816 -0.025691 -0.018143 0.999505 1.120758 0.000000 0.000000 0.000000 1.000000
0.995930 0.085950 0.027132 0.791353 -0.086409 0.996128 0.016213 111.072517 -0.025633 -0.018492 0.999500 1.125849 0.000000 0.000000 0.000000 1.000000
0.995934 0.085915 0.027091 0.797085 -0.086380 0.996126 0.016469 111.076736 -0.025571 -0.018742 0.999497 1.131273 0.000000 0.000000 0.000000 1.000000
0.995943 0.085819 0.027084 0.804336 -0.086286 0.996132 0.016598 111.080597 -0.025555 -0.018868 0.999495 1.135504 0.000000 0.000000 0.000000 1.000000
0.995946 0.085759 0.027148 0.812888 -0.086229 0.996136 0.016640 111.081764 -0.025616 -0.018913 0.999493 1.137399 0.000000 0.000000 0.000000 1.000000
0.995940 0.085784 0.027289 0.822712 -0.086257 0.996134 0.016650 111.080376 -0.025755 -0.018937 0.999489 1.136442 0.000000 0.000000 0.000000 1.000000
0.995929 0.085853 0.027460 0.833950 -0.086330 0.996127 0.016657 111.078537 -0.025924 -0.018960 0.999484 1.133021 0.000000 0.000000 0.000000 1.000000
0.995922 0.085902 0.027583 0.846372 -0.086380 0.996123 0.016665 111.078087 -0.026044 -0.018980 0.999481 1.128212 0.000000 0.000000 0.000000 1.000000
0.995920 0.085910 0.027607 0.859406 -0.086390 0.996122 0.016681 111.079094 -0.026067 -0.018998 0.999480 1.123138 0.000000 0.000000 0.000000 1.000000
0.995922 0.085910 0.027562 0.872408 -0.086390 0.996121 0.016717 111.080238 -0.026019 -0.019030 0.999480 1.118287 0.000000 0.000000 0.000000 1.000000
0.995921 0.085930 0.027531 0.885205 -0.086411 0.996118 0.016779 111.080475 -0.025982 -0.019090 0.999480 1.113470 0.000000 0.000000 0.000000 1.000000
0.995915 0.085974 0.027583 0.897872 -0.086458 0.996113 0.016856 111.079880 -0.026027 -0.019171 0.999477 1.108291 0.000000 0.000000 0.000000 1.000000
0.995907 0.086032 0.027723 0.910189 -0.086521 0.996106 0.016929 111.078949 -0.026158 -0.019258 0.999472 1.102605 0.000000 0.000000 0.000000 1.000000
0.995895 0.086109 0.027893 0.921637 -0.086602 0.996098 0.016988 111.078018 -0.026321 -0.019334 0.999467 1.096694 0.000000 0.000000 0.000000 1.000000
0.995883 0.086208 0.028031 0.931771 -0.086705 0.996089 0.017026 111.077507 -0.026454 -0.019386 0.999462 1.091099 0.000000 0.000000 0.000000 1.000000
0.995871 0.086316 0.028118 0.940723 -0.086815 0.996079 0.017042 111.077927 -0.026536 -0.019413 0.999459 1.086311 0.000000 0.000000 0.000000 1.000000
0.995860 0.086421 0.028176 0.949164 -0.086921 0.996069 0.017047 111.079239 -0.026592 -0.019425 0.999458 1.082666 0.000000 0.000000 0.000000 1.000000
0.995849 0.086529 0.028237 0.957586 -0.087031 0.996059 0.017064 111.080521 -0.026649 -0.019451 0.999456 1.080392 0.000000 0.000000 0.000000 1.000000
0.995836 0.086656 0.028304 0.965729 -0.087161 0.996047 0.017115 111.080795 -0.026709 -0.019511 0.999453 1.079626 0.000000 0.000000 0.000000 1.000000
0.995823 0.086789 0.028352 0.973010 -0.087297 0.996034 0.017197 111.079910 -0.026747 -0.019600 0.999450 1.080238 0.000000 0.000000 0.000000 1.000000
0.995814 0.086895 0.028349 0.978818 -0.087406 0.996023 0.017289 111.078621 -0.026734 -0.019694 0.999449 1.081745 0.000000 0.000000 0.000000 1.000000
0.995810 0.086964 0.028292 0.983255 -0.087476 0.996015 0.017368 111.077385 -0.026669 -0.019771 0.999449 1.083569 0.000000 0.000000 0.000000 1.000000
0.995805 0.087038 0.028212 0.986751 -0.087549 0.996008 0.017425 111.075867 -0.026583 -0.019822 0.999450 1.085431 0.000000 0.000000 0.000000 1.000000
0.995796 0.087170 0.028154 0.989744 -0.087681 0.995996 0.017462 111.073570 -0.026519 -0.019857 0.999451 1.087291 0.000000 0.000000 0.000000 1.000000
0.995779 0.087360 0.028135 0.992602 -0.087871 0.995978 0.017489 111.070862 -0.026494 -0.019887 0.999451 1.089004 0.000000 0.000000 0.000000 1.000000
0.995764 0.087545 0.028122 0.995689 -0.088056 0.995962 0.017498 111.069016 -0.026477 -0.019900 0.999451 1.090146 0.000000 0.000000 0.000000 1.000000
0.995756 0.087650 0.028058 0.999804 -0.088159 0.995953 0.017453 111.068878 -0.026415 -0.019852 0.999454 1.090325 0.000000 0.000000 0.000000 1.000000
0.995760 0.087653 0.027915 1.005568 -0.088155 0.995956 0.017319 111.069893 -0.026284 -0.019706 0.999460 1.089646 0.000000 0.000000 0.000000 1.000000
0.995771 0.087589 0.027718 1.012858 -0.088082 0.995966 0.017109 111.070816 -0.026107 -0.019478 0.999469 1.088635 0.000000 0.000000 0.000000 1.000000
0.995783 0.087514 0.027517 1.020503 -0.087998 0.995977 0.016894 111.071281 -0.025928 -0.019244 0.999479 1.087750 0.000000 0.000000 0.000000 1.000000
0.995792 0.087463 0.027356 1.027341 -0.087940 0.995985 0.016733 111.072006 -0.025782 -0.019069 0.999486 1.087057 0.000000 0.000000 0.000000 1.000000
0.995797 0.087439 0.027256 1.032946 -0.087911 0.995990 0.016626 111.073288 -0.025693 -0.018953 0.999490 1.086456 0.000000 0.000000 0.000000 1.000000
0.995798 0.087438 0.027206 1.037499 -0.087906 0.995992 0.016525 111.074562 -0.025652 -0.018847 0.999493 1.086179 0.000000 0.000000 0.000000 1.000000
0.995799 0.087447 0.027164 1.041197 -0.087911 0.995993 0.016396 111.074989 -0.025622 -0.018715 0.999497 1.086782 0.000000 0.000000 0.000000 1.000000
0.995801 0.087446 0.027095 1.044078 -0.087905 0.995996 0.016243 111.074760 -0.025566 -0.018557 0.999501 1.088722 0.000000 0.000000 0.000000 1.000000
