<?xml version="1.0" encoding="utf-8"?>
<COLLADA xmlns="http://www.collada.org/2005/11/COLLADASchema" version="1.4.1">
  <asset>
    <contributor>
      <author>Mixamo</author>
      <authoring_tool>COLLADA Mixamo exporter</authoring_tool>
      <comments/>
    </contributor>
    <created>2025-11-07T03:19:17Z</created>
    <modified>2025-11-07T03:19:17Z</modified>
    <revision/>
    <title/>
    <unit meter="0.010000"/>
    <up_axis>Y_UP</up_axis>
  </asset>
  <library_animations>
    <animation id="mixamorig_Hips-anim" name="mixamorig_Hips">
      <source id="mixamorig_Hips-Matrix-animation-input">
        <float_array id="mixamorig_Hips-Matrix-animation-input-array" count="49">

0.000000 0.033333 0.066667 0.100000 0.133333 0.166667 0.200000 0.233333 0.266667 0.300000 0.333333 0.366667 0.400000 0.433333 0.466667 0.500000
0.533333 0.566667 0.600000 0.633333 0.666667 0.700000 0.733333 0.766667 0.800000 0.833333 0.866667 0.900000 0.933333 0.966667 1.000000 1.033333
1.066667 1.100000 1.133333 1.166667 1.200000 1.233333 1.266667 1.300000 1.333333 1.366667 1.400000 1.433333 1.466667 1.500000 1.533333 1.566667
1.600000</float_array>
        <technique_common>
          <accessor source="#mixamorig_Hips-Matrix-animation-input-array" count="49">
            <param name="TIME" type="float"/>
          </accessor>
        </technique_common>
      </source>
      <source id="mixamorig_Hips-Matrix-animation-output-transform">
        <float_array id="mixamorig_Hips-Matrix-animation-output-transform-array" count="784">

0.815119 -0.033434 -0.578328 -0.739877 -0.050179 0.990506 -0.127988 101.225601 0.577116 0.133345 0.805702 1.114284 0.000000 0.000000 0.000000 1.000000
0.782437 -0.036346 -0.621669 -0.724901 -0.048570 0.991692 -0.119111 101.729660 0.620833 0.123391 0.774171 1.538468 0.000000 0.000000 0.000000 1.000000
0.733716 -0.042353 -0.678135 -0.520160 -0.046342 0.992612 -0.112133 102.421837 0.677874 0.113700 0.726333 2.403790 0.000000 0.000000 0.000000 1.000000
0.668487 -0.051229 -0.741957 -0.157945 -0.042295 0.993392 -0.106697 103.237183 0.742520 0.102707 0.661903 3.624087 0.000000 0.000000 0.000000 1.000000
0.587815 -0.062206 -0.806600 0.288308 -0.034732 0.994180 -0.101984 104.157776 0.808249 0.087963 0.582233 5.175168 0.000000 0.000000 0.000000 1.000000
0.494209 -0.074535 -0.866142 0.833134 -0.022472 0.994890 -0.098436 105.173584 0.869053 0.068112 0.490008 6.988647 0.000000 0.000000 0.000000 1.000000
0.390005 -0.086002 -0.916788 1.435737 -0.005646 0.995387 -0.095777 106.298340 0.920796 0.042530 0.387720 9.021061 0.000000 0.000000 0.000000 1.000000
0.276043 -0.091566 -0.956774 1.948810 0.016664 0.995758 -0.090489 107.535164 0.961001 0.009036 0.276398 11.255525 0.000000 0.000000 0.000000 1.000000
0.156912 -0.090363 -0.983470 2.350561 0.053629 0.995116 -0.082877 108.944313 0.986155 -0.039739 0.160992 13.715238 0.000000 0.000000 0.000000 1.000000
0.049410 -0.096115 -0.994143 3.067030 0.119513 0.988776 -0.089656 110.412079 0.991602 -0.114383 0.060342 16.383581 0.000000 0.000000 0.000000 1.000000
-0.024851 -0.131932 -0.990947 4.690481 0.215698 0.967197 -0.134179 111.467789 0.976144 -0.217080 0.004422 19.276882 0.000000 0.000000 0.000000 1.000000
-0.062250 -0.206419 -0.976482 7.216292 0.332618 0.918158 -0.215294 111.768631 0.941005 -0.338197 0.011503 22.352516 0.000000 0.000000 0.000000 1.000000
-0.083400 -0.297515 -0.951067 9.797106 0.457298 0.836541 -0.301790 111.517311 0.885394 -0.460091 0.066286 25.354105 0.000000 0.000000 0.000000 1.000000
-0.117068 -0.369794 -0.921709 11.443211 0.564549 0.738772 -0.368103 111.336220 0.817055 -0.563443 0.122280 28.051834 0.000000 0.000000 0.000000 1.000000
-0.180139 -0.404931 -0.896427 11.907084 0.632365 0.650377 -0.420861 111.679955 0.753435 -0.642682 0.138906 30.637838 0.000000 0.000000 0.000000 1.000000
-0.267029 -0.409924 -0.872157 11.556009 0.661459 0.580203 -0.475222 112.330360 0.700833 -0.703795 0.116217 32.443832 0.000000 0.000000 0.000000 1.000000
-0.359870 -0.405188 -0.840426 10.674269 0.658015 0.528375 -0.536503 112.457184 0.661445 -0.746085 0.076474 33.052441 0.000000 0.000000 0.000000 1.000000
-0.430396 -0.405520 -0.806420 9.748591 0.642437 0.489952 -0.589256 111.768127 0.634062 -0.771687 0.049648 33.134418 0.000000 0.000000 0.000000 1.000000
-0.459610 -0.412470 -0.786529 9.284051 0.641389 0.458419 -0.615201 110.779518 0.614311 -0.787223 0.053859 32.938793 0.000000 0.000000 0.000000 1.000000
-0.445281 -0.423460 -0.788927 9.485706 0.665914 0.432396 -0.607941 110.190315 0.598568 -0.796062 0.089450 32.964809 0.000000 0.000000 0.000000 1.000000
-0.404471 -0.435476 -0.804216 10.353031 0.705383 0.411151 -0.577399 110.259422 0.582097 -0.800822 0.140879 33.592789 0.000000 0.000000 0.000000 1.000000
-0.349093 -0.454072 -0.819727 11.801720 0.739048 0.404417 -0.538754 110.660866 0.576145 -0.793892 0.194402 34.729954 0.000000 0.000000 0.000000 1.000000
-0.290427 -0.480618 -0.827441 13.577991 0.756309 0.414447 -0.506192 110.907883 0.586215 -0.772813 0.243130 35.780170 0.000000 0.000000 0.000000 1.000000
-0.229745 -0.513434 -0.826803 15.267635 0.754884 0.442203 -0.484363 110.672279 0.614303 -0.735420 0.285989 36.394493 0.000000 0.000000 0.000000 1.000000
-0.166711 -0.543783 -0.822501 16.345692 0.736530 0.485916 -0.470541 109.889122 0.655539 -0.684241 0.319505 35.845970 0.000000 0.000000 0.000000 1.000000
-0.095722 -0.559599 -0.823217 16.444508 0.707550 0.543454 -0.451697 109.259117 0.700150 -0.625705 0.343924 33.944324 0.000000 0.000000 0.000000 1.000000
-0.013841 -0.553634 -0.832645 16.029285 0.662253 0.618822 -0.422469 109.335236 0.749152 -0.557269 0.358081 32.286293 0.000000 0.000000 0.000000 1.000000
0.074561 -0.524366 -0.848222 15.237158 0.594030 0.706562 -0.384576 109.652946 0.800980 -0.475195 0.364171 30.785849 0.000000 0.000000 0.000000 1.000000
0.163783 -0.475384 -0.864399 14.126815 0.504593 0.793301 -0.340675 109.963470 0.847680 -0.380373 0.369804 29.099552 0.000000 0.000000 0.000000 1.000000
0.246603 -0.412486 -0.876951 12.857866 0.402029 0.866903 -0.294707 109.966637 0.881793 -0.279884 0.379612 27.239498 0.000000 0.000000 0.000000 1.000000
0.316602 -0.343983 -0.883991 11.644424 0.297169 0.920985 -0.251947 109.450722 0.900807 -0.182928 0.393807 25.389341 0.000000 0.000000 0.000000 1.000000
0.372971 -0.282604 -0.883758 10.646015 0.202406 0.954328 -0.219749 108.267365 0.905497 -0.096918 0.413137 23.620388 0.000000 0.000000 0.000000 1.000000
0.422961 -0.240209 -0.873730 9.964329 0.128815 0.970371 -0.204420 106.827278 0.896945 -0.026088 0.441371 21.956455 0.000000 0.000000 0.000000 1.000000
0.475802 -0.217266 -0.852296 9.451202 0.080539 0.975702 -0.203764 105.501419 0.875857 0.028308 0.481739 20.298822 0.000000 0.000000 0.000000 1.000000
0.533184 -0.201215 -0.821722 8.897675 0.051127 0.977192 -0.206110 104.583893 0.844453 0.067882 0.531311 18.532167 0.000000 0.000000 0.000000 1.000000
0.588490 -0.178370 -0.788584 8.163337 0.027568 0.979220 -0.200917 104.100327 0.808034 0.096498 0.581178 16.808966 0.000000 0.000000 0.000000 1.000000
0.634931 -0.147664 -0.758326 7.283886 0.003651 0.982127 -0.188186 103.815613 0.772561 0.116717 0.624121 15.271759 0.000000 0.000000 0.000000 1.000000
0.672202 -0.118287 -0.730857 6.337969 -0.017522 0.984336 -0.175428 103.496170 0.740160 0.130729 0.659600 13.851041 0.000000 0.000000 0.000000 1.000000
0.704335 -0.097559 -0.703132 5.364446 -0.031438 0.985252 -0.168195 103.093704 0.709172 0.140571 0.690880 12.407836 0.000000 0.000000 0.000000 1.000000
0.733097 -0.084320 -0.674877 4.433296 -0.039135 0.985411 -0.165629 102.779427 0.678997 0.147834 0.719102 11.002973 0.000000 0.000000 0.000000 1.000000
0.757237 -0.074076 -0.648926 3.602228 -0.044080 0.985486 -0.163932 102.615707 0.651651 0.152740 0.742981 9.690203 0.000000 0.000000 0.000000 1.000000
0.777052 -0.065364 -0.626034 2.842386 -0.047014 0.985788 -0.161280 102.408005 0.627678 0.154755 0.762936 8.333733 0.000000 0.000000 0.000000 1.000000
0.795145 -0.057684 -0.603670 2.126941 -0.048635 0.986193 -0.158298 102.076279 0.604466 0.155229 0.781361 6.883663 0.000000 0.000000 0.000000 1.000000
0.812519 -0.050729 -0.580723 1.443523 -0.049700 0.986550 -0.155718 101.688438 0.580812 0.155386 0.799070 5.391180 0.000000 0.000000 0.000000 1.000000
0.827387 -0.044785 -0.559844 0.803652 -0.050264 0.986911 -0.153232 101.312653 0.559379 0.154922 0.814306 3.955231 0.000000 0.000000 0.000000 1.000000
0.837243 -0.039805 -0.545380 0.240322 -0.050715 0.987396 -0.149921 101.026413 0.544474 0.153179 0.824672 2.702618 0.000000 0.000000 0.000000 1.000000
0.839977 -0.035969 -0.541429 -0.222546 -0.051008 0.988148 -0.144780 100.884422 0.540220 0.149229 0.828187 1.743843 0.000000 0.000000 0.000000 1.000000
0.833458 -0.033598 -0.551560 -0.561113 -0.050937 0.989229 -0.137229 100.940430 0.550230 0.142470 0.822770 1.186970 0.000000 0.000000 0.000000 1.000000
0.815119 -0.033435 -0.578328 -0.739879 -0.050179 0.990506 -0.127988 101.225601 0.577116 0.133345 0.805702 1.114272 0.000000 0.000000 0.000000 1.000000</float_array>
        <technique_common>
          <accessor source="#mixamorig_Hips-Matrix-animation-output-transform-array" count="49" stride="16">
            <param type="float4x4"/>
          </accessor>
        </technique_common>
      </source>
      <source id="mixamorig_Hips-Interpolations">
        <Name_array id="mixamorig_Hips-Interpolations-array" count="49">
 LINEAR LINEAR LINEAR LINEAR LINEAR LINEAR LINEAR LINEAR LINEAR LINEAR LINEAR
LINEAR LINEAR LINEAR LINEAR LINEAR LINEAR LINEAR LINEAR LINEAR LINEAR LINEAR LINEAR
LINEAR LINEAR LINEAR LINEAR LINEAR LINEAR LINEAR LINEAR LINEAR LINEAR LINEAR LINEAR
LINEAR LINEAR LINEAR LINEAR LINEAR LINEAR LINEAR LINEAR LINEAR LINEAR LINEAR LINEAR
LINEAR LINEAR</Name_array>
        <technique_common>
          <accessor source="#mixamorig_Hips-Interpolations-array" count="49">
            <param type="name"/>
          </accessor>
        </technique_common>
      </source>
      <sampler id="mixamorig_Hips-Matrix-animation-transform">
        <input semantic="INPUT" source="#mixamorig_Hips-Matrix-animation-input"/>
        <input semantic="OUTPUT" source="#mixamorig_Hips-Matrix-animation-output-transform"/>
        <input semantic="INTERPOLATION" source="#mixamorig_Hips-Interpolations"/>
      </sampler>
      <channel source="#mixamorig_Hips-Matrix-animation-transform" target="mixamorig_Hips/matrix"/>
    </animation>
    <animation id="mixamorig_Spine-anim" name="mixamorig_Spine">
      <source id="mixamorig_Spine-Matrix-animation-input">
        <float_array id="mixamorig_Spine-Matrix-animation-input-array" count="49">

0.000000 0.033333 0.066667 0.100000 0.133333 0.166667 0.200000 0.233333 0.266667 0.300000 0.333333 0.366667 0.400000 0.433333 0.466667 0.500000
0.533333 0.566667 0.600000 0.633333 0.666667 0.700000 0.733333 0.766667 0.800000 0.833333 0.866667 0.900000 0.933333 0.966667 1.000000 1.033333
1.066667 1.100000 1.133333 1.166667 1.200000 1.233333 1.266667 1.300000 1.333333 1.366667 1.400000 1.433333 1.466667 1.500000 1.533333 1.566667
1.600000</float_array>
        <technique_common>
          <accessor source="#mixamorig_Spine-Matrix-animation-input-array" count="49">
            <param name="TIME" type="float"/>
          </accessor>
        </technique_common>
      </source>
      <source id="mixamorig_Spine-Matrix-animation-output-transform">
        <float_array id="mixamorig_Spine-Matrix-animation-output-transform-array" count="784">

0.994398 -0.077107 0.072293 -0.000500 0.081912 0.994449 -0.066039 10.964600 -0.066799 0.071591 0.995195 -0.062000 0.000000 0.000000 0.000000 1.000000
0.994729 -0.075914 0.068927 -0.000500 0.080370 0.994684 -0.064370 10.964600 -0.063674 0.069571 0.995543 -0.062000 0.000000 0.000000 0.000000 1.000000
0.995476 -0.071793 0.062242 -0.000500 0.075632 0.995226 -0.061683 10.964600 -0.057517 0.066112 0.996153 -0.062000 0.000000 0.000000 0.000000 1.000000
0.996542 -0.064041 0.052947 -0.000500 0.067103 0.996045 -0.058234 10.964600 -0.049008 0.061585 0.996898 -0.062000 0.000000 0.000000 0.000000 1.000000
0.997690 -0.053154 0.042291 -0.000500 0.055420 0.996983 -0.054343 10.964600 -0.039275 0.056561 0.997626 -0.062000 0.000000 0.000000 0.000000 1.000000
0.998682 -0.040540 0.031473 -0.000500 0.042091 0.997847 -0.050292 10.964600 -0.029366 0.051550 0.998239 -0.062000 0.000000 0.000000 0.000000 1.000000
0.999369 -0.027761 0.022156 -0.000500 0.028773 0.998493 -0.046736 10.964600 -0.020825 0.047344 0.998662 -0.062000 0.000000 0.000000 0.000000 1.000000
0.999682 -0.017402 0.018261 -0.000500 0.018214 0.998807 -0.045309 10.964600 -0.017451 0.045627 0.998806 -0.062000 0.000000 0.000000 0.000000 1.000000
0.999644 -0.010970 0.024336 -0.000500 0.012130 0.998771 -0.048048 10.964600 -0.023779 0.048326 0.998549 -0.062000 0.000000 0.000000 0.000000 1.000000
0.999179 -0.005791 0.040090 -0.000500 0.008008 0.998434 -0.055370 10.964600 -0.039707 0.055645 0.997661 -0.062000 0.000000 0.000000 0.000000 1.000000
0.998335 0.000799 0.057678 -0.000500 0.002944 0.997895 -0.064786 10.964600 -0.057609 0.064848 0.996231 -0.062000 0.000000 0.000000 0.000000 1.000000
0.997709 0.010346 0.066852 -0.000500 -0.005486 0.997356 -0.072469 10.964600 -0.067425 0.071936 0.995128 -0.062000 0.000000 0.000000 0.000000 1.000000
0.997745 0.024733 0.062396 -0.000500 -0.019932 0.996875 -0.076434 10.964600 -0.064091 0.075018 0.995120 -0.062000 0.000000 0.000000 0.000000 1.000000
0.998071 0.039552 0.047844 -0.000500 -0.035797 0.996392 -0.076954 10.964600 -0.050715 0.075093 0.995886 -0.062000 0.000000 0.000000 0.000000 1.000000
0.998403 0.048475 0.029018 -0.000500 -0.046176 0.996095 -0.075251 10.964600 -0.032553 0.073790 0.996742 -0.062000 0.000000 0.000000 0.000000 1.000000
0.998625 0.052315 0.003324 -0.000500 -0.051940 0.996040 -0.072158 10.964600 -0.007085 0.071887 0.997388 -0.062000 0.000000 0.000000 0.000000 1.000000
0.998581 0.048649 -0.021666 -0.000500 -0.050016 0.996445 -0.067789 10.964600 0.018291 0.068777 0.997464 -0.062000 0.000000 0.000000 0.000000 1.000000
0.998360 0.038821 -0.042071 -0.000500 -0.041441 0.997133 -0.063308 10.964600 0.039492 0.064948 0.997107 -0.062000 0.000000 0.000000 0.000000 1.000000
0.997969 0.027923 -0.057249 -0.000500 -0.031413 0.997643 -0.061009 10.964600 0.055410 0.062684 0.996494 -0.062000 0.000000 0.000000 0.000000 1.000000
0.997654 0.017106 -0.066290 -0.000500 -0.021290 0.997790 -0.062941 10.964600 0.065067 0.064205 0.995813 -0.062000 0.000000 0.000000 0.000000 1.000000
0.997890 0.012044 -0.063798 -0.000500 -0.016423 0.997511 -0.068575 10.964600 0.062813 0.069478 0.995604 -0.062000 0.000000 0.000000 0.000000 1.000000
0.998693 0.005497 -0.050822 -0.000500 -0.009313 0.997128 -0.075157 10.964600 0.050263 0.075532 0.995876 -0.062000 0.000000 0.000000 0.000000 1.000000
0.999485 -0.000359 -0.032077 -0.000500 -0.002172 0.996885 -0.078839 10.964600 0.032006 0.078868 0.996371 -0.062000 0.000000 0.000000 0.000000 1.000000
0.999882 -0.006228 -0.014054 -0.000500 0.005110 0.996922 -0.078239 10.964600 0.014498 0.078158 0.996836 -0.062000 0.000000 0.000000 0.000000 1.000000
0.999938 -0.011031 0.001293 -0.000500 0.011097 0.997121 -0.075009 10.964600 -0.000461 0.075019 0.997182 -0.062000 0.000000 0.000000 0.000000 1.000000
0.999903 -0.012100 0.006831 -0.000500 0.012560 0.997329 -0.071950 10.964600 -0.005942 0.072029 0.997385 -0.062000 0.000000 0.000000 0.000000 1.000000
0.999867 -0.015329 0.005564 -0.000500 0.015682 0.997411 -0.070182 10.964600 -0.004474 0.070260 0.997519 -0.062000 0.000000 0.000000 0.000000 1.000000
0.999769 -0.021219 0.003406 -0.000500 0.021403 0.997400 -0.068815 10.964600 -0.001936 0.068872 0.997624 -0.062000 0.000000 0.000000 0.000000 1.000000
0.999645 -0.026622 0.000744 -0.000500 0.026613 0.997412 -0.066792 10.964600 0.001036 0.066788 0.997767 -0.062000 0.000000 0.000000 0.000000 1.000000
0.999579 -0.028899 -0.002770 -0.000500 0.028661 0.997527 -0.064168 10.964600 0.004617 0.064061 0.997935 -0.062000 0.000000 0.000000 0.000000 1.000000
0.999603 -0.027470 -0.006241 -0.000500 0.027035 0.997743 -0.061466 10.964600 0.007915 0.061273 0.998090 -0.062000 0.000000 0.000000 0.000000 1.000000
0.999700 -0.022877 -0.008710 -0.000500 0.022328 0.998032 -0.058593 10.964600 0.010033 0.058381 0.998244 -0.062000 0.000000 0.000000 0.000000 1.000000
0.999824 -0.015952 -0.009876 -0.000500 0.015384 0.998356 -0.055219 10.964600 0.010741 0.055057 0.998425 -0.062000 0.000000 0.000000 0.000000 1.000000
0.999921 -0.008134 -0.009564 -0.000500 0.007626 0.998620 -0.051965 10.964600 0.009973 0.051888 0.998603 -0.062000 0.000000 0.000000 0.000000 1.000000
0.999972 -0.002485 -0.007081 -0.000500 0.002126 0.998733 -0.050270 10.964600 0.007197 0.050254 0.998711 -0.062000 0.000000 0.000000 0.000000 1.000000
0.999996 -0.002364 -0.001784 -0.000500 0.002270 0.998707 -0.050795 10.964600 0.001901 0.050791 0.998708 -0.062000 0.000000 0.000000 0.000000 1.000000
0.999970 -0.005833 0.005166 -0.000500 0.006097 0.998600 -0.052546 10.964600 -0.004852 0.052576 0.998605 -0.062000 0.000000 0.000000 0.000000 1.000000
0.999898 -0.008045 0.011759 -0.000500 0.008669 0.998502 -0.054024 10.964600 -0.011307 0.054121 0.998470 -0.062000 0.000000 0.000000 0.000000 1.000000
0.999836 -0.006555 0.016909 -0.000500 0.007472 0.998471 -0.054773 10.964600 -0.016524 0.054891 0.998356 -0.062000 0.000000 0.000000 0.000000 1.000000
0.999764 -0.004460 0.021269 -0.000500 0.005634 0.998447 -0.055428 10.964600 -0.020989 0.055535 0.998236 -0.062000 0.000000 0.000000 0.000000 1.000000
0.999638 -0.006221 0.026190 -0.000500 0.007698 0.998363 -0.056677 10.964600 -0.025794 0.056858 0.998049 -0.062000 0.000000 0.000000 0.000000 1.000000
0.999401 -0.012348 0.032327 -0.000500 0.014228 0.998181 -0.058590 10.964600 -0.031545 0.059015 0.997759 -0.062000 0.000000 0.000000 0.000000 1.000000
0.998975 -0.021925 0.039591 -0.000500 0.024308 0.997858 -0.060735 10.964600 -0.038174 0.061635 0.997368 -0.062000 0.000000 0.000000 0.000000 1.000000
0.998314 -0.033484 0.047406 -0.000500 0.036430 0.997367 -0.062698 10.964600 -0.045182 0.064319 0.996906 -0.062000 0.000000 0.000000 0.000000 1.000000
0.997451 -0.045350 0.055081 -0.000500 0.048869 0.996732 -0.064323 10.964600 -0.051984 0.066851 0.996408 -0.062000 0.000000 0.000000 0.000000 1.000000
0.996462 -0.056730 0.062015 -0.000500 0.060783 0.995996 -0.065549 10.964600 -0.058048 0.069087 0.995920 -0.062000 0.000000 0.000000 0.000000 1.000000
0.995504 -0.066400 0.067551 -0.000500 0.070883 0.995279 -0.066297 10.964600 -0.062830 0.070787 0.995511 -0.062000 0.000000 0.000000 0.000000 1.000000
0.994772 -0.073318 0.071086 -0.000500 0.078065 0.994730 -0.066474 10.964600 -0.065838 0.071676 0.995253 -0.062000 0.000000 0.000000 0.000000 1.000000
0.994398 -0.077107 0.072293 -0.000500 0.081912 0.994449 -0.066039 10.964600 -0.066800 0.071591 0.995195 -0.062000 0.000000 0.000000 0.000000 1.000000</float_array>
        <technique_common>
          <accessor source="#mixamorig_Spine-Matrix-animation-output-transform-array" count="49" stride="16">
            <param type="float4x4"/>
          </accessor>
        </technique_common>
      </source>
      <source id="mixamorig_Spine-Interpolations">
        <Name_array id="mixamorig_Spine-Interpolations-array" count="49">
 LINEAR LINEAR LINEAR LINEAR LINEAR LINEAR LINEAR LINEAR LINEAR LINEAR LINEAR
LINEAR LINEAR LINEAR LINEAR LINEAR LINEAR LINEAR LINEAR LINEAR LINEAR LINEAR LINEAR
LINEAR LINEAR LINEAR LINEAR LINEAR LINEAR LINEAR LINEAR LINEAR LINEAR LINEAR LINEAR
LINEAR LINEAR LINEAR LINEAR LINEAR LINEAR LINEAR LINEAR LINEAR LINEAR LINEAR LINEAR
LINEAR LINEAR</Name_array>
        <technique_common>
          <accessor source="#mixamorig_Spine-Interpolations-array" count="49">
            <param type="name"/>
          </accessor>
        </technique_common>
      </source>
      <sampler id="mixamorig_Spine-Matrix-animation-transform">
        <input semantic="INPUT" source="#mixamorig_Spine-Matrix-animation-input"/>
        <input semantic="OUTPUT" source="#mixamorig_Spine-Matrix-animation-output-transform"/>
        <input semantic="INTERPOLATION" source="#mixamorig_Spine-Interpolations"/>
      </sampler>
      <channel source="#mixamorig_Spine-Matrix-animation-transform" target="mixamorig_Spine/matrix"/>
    </animation>
    <animation id="mixamorig_Spine1-anim" name="mixamorig_Spine1">
      <source id="mixamorig_Spine1-Matrix-animation-input">
        <float_array id="mixamorig_Spine1-Matrix-animation-input-array" count="49">

0.000000 0.033333 0.066667 0.100000 0.133333 0.166667 0.200000 0.233333 0.266667 0.300000 0.333333 0.366667 0.400000 0.433333 0.466667 0.500000
0.533333 0.566667 0.600000 0.633333 0.666667 0.700000 0.733333 0.766667 0.800000 0.833333 0.866667 0.900000 0.933333 0.966667 1.000000 1.033333
1.066667 1.100000 1.133333 1.166667 1.200000 1.233333 1.266667 1.300000 1.333333 1.366667 1.400000 1.433333 1.466667 1.500000 1.533333 1.566667
1.600000</float_array>
        <technique_common>
          <accessor source="#mixamorig_Spine1-Matrix-animation-input-array" count="49">
            <param name="TIME" type="float"/>
          </accessor>
        </technique_common>
      </source>
      <source id="mixamorig_Spine1-Matrix-animation-output-transform">
        <float_array id="mixamorig_Spine1-Matrix-animation-output-transform-array" count="784">

0.999505 -0.016628 0.026715 0.000600 0.016161 0.999714 0.017616 12.633800 -0.027000 -0.017176 0.999488 -0.357500 0.000000 0.000000 0.000000 1.000000
0.999613 -0.015781 0.022930 0.000600 0.015347 0.999702 0.019010 12.633800 -0.023223 -0.018651 0.999556 -0.357500 0.000000 0.000000 0.000000 1.000000
0.999762 -0.013682 0.016988 0.000600 0.013353 0.999723 0.019368 12.633800 -0.017248 -0.019137 0.999668 -0.357500 0.000000 0.000000 0.000000 1.000000
0.999893 -0.010654 0.009982 0.000600 0.010470 0.999777 0.018327 12.633800 -0.010175 -0.018220 0.999782 -0.357500 0.000000 0.000000 0.000000 1.000000
0.999970 -0.007051 0.003174 0.000600 0.007000 0.999851 0.015799 12.633800 -0.003285 -0.015776 0.999870 -0.357500 0.000000 0.000000 0.000000 1.000000
0.999991 -0.003328 -0.002772 0.000600 0.003362 0.999921 0.012139 12.633800 0.002732 -0.012148 0.999922 -0.357500 0.000000 0.000000 0.000000 1.000000
0.999980 -0.000755 -0.006312 0.000600 0.000801 0.999974 0.007221 12.633800 0.006306 -0.007226 0.999954 -0.357500 0.000000 0.000000 0.000000 1.000000
0.999996 -0.001529 -0.002323 0.000600 0.001528 0.999999 -0.000795 12.633800 0.002324 0.000792 0.999997 -0.357500 0.000000 0.000000 0.000000 1.000000
0.999853 -0.006487 0.015841 0.000600 0.006721 0.999869 -0.014738 12.633800 -0.015744 0.014843 0.999766 -0.357500 0.000000 0.000000 0.000000 1.000000
0.998771 -0.012050 0.048067 0.000600 0.013749 0.999287 -0.035175 12.633800 -0.047609 0.035793 0.998225 -0.357500 0.000000 0.000000 0.000000 1.000000
0.996582 -0.010890 0.081884 0.000600 0.015682 0.998187 -0.058108 12.633800 -0.081103 0.059194 0.994946 -0.357500 0.000000 0.000000 0.000000 1.000000
0.995064 0.002593 0.099201 0.000600 0.005094 0.997006 -0.077158 12.633800 -0.099105 0.077283 0.992071 -0.357500 0.000000 0.000000 0.000000 1.000000
0.995495 0.027180 0.090837 0.000600 -0.019157 0.995932 -0.088046 12.633800 -0.092860 0.085909 0.991966 -0.357500 0.000000 0.000000 0.000000 1.000000
0.996461 0.054905 0.063645 0.000600 -0.049019 0.994678 -0.090624 12.633800 -0.068282 0.087184 0.993849 -0.357500 0.000000 0.000000 0.000000 1.000000
0.996596 0.075633 0.032799 0.000600 -0.072522 0.993526 -0.087447 12.633800 -0.039201 0.084771 0.995629 -0.357500 0.000000 0.000000 0.000000 1.000000
0.996578 0.082317 0.007560 0.000600 -0.081439 0.993385 -0.080952 12.633800 -0.014174 0.080060 0.996689 -0.357500 0.000000 0.000000 0.000000 1.000000
0.997168 0.073795 -0.014506 0.000600 -0.074657 0.994569 -0.072524 12.633800 0.009075 0.073401 0.997261 -0.357500 0.000000 0.000000 0.000000 1.000000
0.997698 0.054907 -0.039788 0.000600 -0.057393 0.996281 -0.064274 12.633800 0.036111 0.066409 0.997139 -0.357500 0.000000 0.000000 0.000000 1.000000
0.997148 0.034214 -0.067275 0.000600 -0.038274 0.997463 -0.060027 12.633800 0.065051 0.062431 0.995927 -0.357500 0.000000 0.000000 0.000000 1.000000
0.996061 0.019215 -0.086568 0.000600 -0.024733 0.997699 -0.063123 12.633800 0.085156 0.065015 0.994244 -0.357500 0.000000 0.000000 0.000000 1.000000
0.996118 0.011764 -0.087242 0.000600 -0.018185 0.997153 -0.073178 12.633800 0.086132 0.074481 0.993496 -0.357500 0.000000 0.000000 0.000000 1.000000
0.997569 0.007975 -0.069231 0.000600 -0.013885 0.996258 -0.085303 12.633800 0.068291 0.086057 0.993947 -0.357500 0.000000 0.000000 0.000000 1.000000
0.999044 0.002812 -0.043616 0.000600 -0.006865 0.995637 -0.093063 12.633800 0.043164 0.093274 0.994704 -0.357500 0.000000 0.000000 0.000000 1.000000
0.999707 -0.005564 -0.023537 0.000600 0.003345 0.995633 -0.093296 12.633800 0.023954 0.093190 0.995360 -0.357500 0.000000 0.000000 0.000000 1.000000
0.999767 -0.015962 -0.014545 0.000600 0.014617 0.995991 -0.088257 12.633800 0.015895 0.088023 0.995992 -0.357500 0.000000 0.000000 0.000000 1.000000
0.999540 -0.027295 -0.013198 0.000600 0.026112 0.996230 -0.082732 12.633800 0.015406 0.082349 0.996484 -0.357500 0.000000 0.000000 0.000000 1.000000
0.999117 -0.039848 -0.013353 0.000600 0.038667 0.996098 -0.079337 12.633800 0.016462 0.078751 0.996758 -0.357500 0.000000 0.000000 0.000000 1.000000
0.998496 -0.053404 -0.012375 0.000600 0.052296 0.995649 -0.077124 12.633800 0.016440 0.076361 0.996945 -0.357500 0.000000 0.000000 0.000000 1.000000
0.997785 -0.065492 -0.011671 0.000600 0.064451 0.995156 -0.074237 12.633800 0.016476 0.073320 0.997172 -0.357500 0.000000 0.000000 0.000000 1.000000
0.997297 -0.072300 -0.013091 0.000600 0.071208 0.994977 -0.070353 12.633800 0.018112 0.069231 0.997436 -0.357500 0.000000 0.000000 0.000000 1.000000
0.997337 -0.071073 -0.016355 0.000600 0.069853 0.995377 -0.065914 12.633800 0.020964 0.064596 0.997691 -0.357500 0.000000 0.000000 0.000000 1.000000
0.997902 -0.061681 -0.019675 0.000600 0.060392 0.996341 -0.060478 12.633800 0.023334 0.059163 0.997976 -0.357500 0.000000 0.000000 0.000000 1.000000
0.998676 -0.046751 -0.021473 0.000600 0.045547 0.997529 -0.053493 12.633800 0.023921 0.052444 0.998337 -0.357500 0.000000 0.000000 0.000000 1.000000
0.999308 -0.030850 -0.020787 0.000600 0.029860 0.998480 -0.046330 12.633800 0.022185 0.045677 0.998710 -0.357500 0.000000 0.000000 0.000000 1.000000
0.999685 -0.018611 -0.016810 0.000600 0.017893 0.998961 -0.041918 12.633800 0.017572 0.041604 0.998980 -0.357500 0.000000 0.000000 0.000000 1.000000
0.999883 -0.012192 -0.009184 0.000600 0.011798 0.999057 -0.041795 12.633800 0.009685 0.041681 0.999084 -0.357500 0.000000 0.000000 0.000000 1.000000
0.999949 -0.009998 0.001053 0.000600 0.010034 0.998966 -0.044338 12.633800 -0.000609 0.044346 0.999016 -0.357500 0.000000 0.000000 0.000000 1.000000
0.999899 -0.008359 0.011497 0.000600 0.008884 0.998884 -0.046394 12.633800 -0.011096 0.046491 0.998857 -0.357500 0.000000 0.000000 0.000000 1.000000
0.999791 -0.004912 0.019821 0.000600 0.005821 0.998923 -0.046034 12.633800 -0.019574 0.046139 0.998743 -0.357500 0.000000 0.000000 0.000000 1.000000
0.999683 -0.000373 0.025161 0.000600 0.001461 0.999063 -0.043252 12.633800 -0.025122 0.043275 0.998747 -0.357500 0.000000 0.000000 0.000000 1.000000
0.999601 0.002832 0.028088 0.000600 -0.001744 0.999251 -0.038668 12.633800 -0.028177 0.038604 0.998857 -0.357500 0.000000 0.000000 0.000000 1.000000
0.999557 0.003164 0.029596 0.000600 -0.002201 0.999469 -0.032507 12.633800 -0.029684 0.032427 0.999033 -0.357500 0.000000 0.000000 0.000000 1.000000
0.999540 0.001003 0.030327 0.000600 -0.000250 0.999692 -0.024822 12.633800 -0.030343 0.024803 0.999232 -0.357500 0.000000 0.000000 0.000000 1.000000
0.999532 -0.002367 0.030496 0.000600 0.002857 0.999868 -0.016018 12.633800 -0.030454 0.016098 0.999407 -0.357500 0.000000 0.000000 0.000000 1.000000
0.999526 -0.006036 0.030192 0.000600 0.006245 0.999957 -0.006854 12.633800 -0.030149 0.007039 0.999521 -0.357500 0.000000 0.000000 0.000000 1.000000
0.999515 -0.009649 0.029592 0.000600 0.009601 0.999952 0.001773 12.633800 -0.029608 -0.001488 0.999560 -0.357500 0.000000 0.000000 0.000000 1.000000
0.999500 -0.012891 0.028870 0.000600 0.012636 0.999880 0.008988 12.633800 -0.028982 -0.008618 0.999543 -0.357500 0.000000 0.000000 0.000000 1.000000
0.999491 -0.015325 0.027993 0.000600 0.014930 0.999787 0.014273 12.633800 -0.028206 -0.013847 0.999506 -0.357500 0.000000 0.000000 0.000000 1.000000
0.999505 -0.016628 0.026715 0.000600 0.016161 0.999714 0.017616 12.633800 -0.027000 -0.017176 0.999488 -0.357500 0.000000 0.000000 0.000000 1.000000</float_array>
        <technique_common>
          <accessor source="#mixamorig_Spine1-Matrix-animation-output-transform-array" count="49" stride="16">
            <param type="float4x4"/>
          </accessor>
        </technique_common>
      </source>
      <source id="mixamorig_Spine1-Interpolations">
        <Name_array id="mixamorig_Spine1-Interpolations-array" count="49">
 LINEAR LINEAR LINEAR LINEAR LINEAR LINEAR LINEAR LINEAR LINEAR LINEAR LINEAR
LINEAR LINEAR LINEAR LINEAR LINEAR LINEAR LINEAR LINEAR LINEAR LINEAR LINEAR LINEAR
LINEAR LINEAR LINEAR LINEAR LINEAR LINEAR LINEAR LINEAR LINEAR LINEAR LINEAR LINEAR
LINEAR LINEAR LINEAR LINEAR LINEAR LINEAR LINEAR LINEAR LINEAR LINEAR LINEAR LINEAR
LINEAR LINEAR</Name_array>
        <technique_common>
          <accessor source="#mixamorig_Spine1-Interpolations-array" count="49">
            <param type="name"/>
          </accessor>
        </technique_common>
      </source>
      <sampler id="mixamorig_Spine1-Matrix-animation-transform">
        <input semantic="INPUT" source="#mixamorig_Spine1-Matrix-animation-input"/>
        <input semantic="OUTPUT" source="#mixamorig_Spine1-Matrix-animation-output-transform"/>
        <input semantic="INTERPOLATION" source="#mixamorig_Spine1-Interpolations"/>
      </sampler>
      <channel source="#mixamorig_Spine1-Matrix-animation-transform" target="mixamorig_Spine1/matrix"/>
    </animation>
    <animation id="mixamorig_Spine2-anim" name="mixamorig_Spine2">
      <source id="mixamorig_Spine2-Matrix-animation-input">
        <float_array id="mixamorig_Spine2-Matrix-animation-input-array" count="49">

0.000000 0.033333 0.066667 0.100000 0.133333 0.166667 0.200000 0.233333 0.266667 0.300000 0.333333 0.366667 0.400000 0.433333 0.466667 0.500000
0.533333 0.566667 0.600000 0.633333 0.666667 0.700000 0.733333 0.766667 0.800000 0.833333 0.866667 0.900000 0.933333 0.966667 1.000000 1.033333
1.066667 1.100000 1.133333 1.166667 1.200000 1.233333 1.266667 1.300000 1.333333 1.366667 1.400000 1.433333 1.466667 1.500000 1.533333 1.566667
1.600000</float_array>
        <technique_common>
          <accessor source="#mixamorig_Spine2-Matrix-animation-input-array" count="49">
            <param name="TIME" type="float"/>
          </accessor>
        </technique_common>
      </source>
      <source id="mixamorig_Spine2-Matrix-animation-output-transform">
        <float_array id="mixamorig_Spine2-Matrix-animation-output-transform-array" count="784">

0.999479 -0.014069 0.029039 -0.000000 0.016921 0.994803 -0.100407 14.702400 -0.027475 0.100846 0.994523 0.000000 0.000000 0.000000 0.000000 1.000000
0.999590 -0.013564 0.025199 0.000000 0.015999 0.994949 -0.099095 14.702400 -0.023728 0.099458 0.994759 0.000000 0.000000 0.000000 0.000000 1.000000
0.999745 -0.012024 0.019125 0.000000 0.013858 0.995004 -0.098865 14.702400 -0.017840 0.099105 0.994917 -0.000000 0.000000 0.000000 0.000000 1.000000
0.999882 -0.009707 0.011938 -0.000000 0.010854 0.994922 -0.100065 14.702400 -0.010906 0.100183 0.994909 0.000000 0.000000 0.000000 0.000000 1.000000
0.999964 -0.006877 0.004934 -0.000000 0.007348 0.994679 -0.102758 14.702400 -0.004201 0.102790 0.994694 0.000000 0.000000 0.000000 0.000000 1.000000
0.999992 -0.003915 -0.001193 0.000000 0.003766 0.994298 -0.106574 14.702400 0.001604 0.106569 0.994304 -0.000000 0.000000 0.000000 0.000000 1.000000
0.999986 -0.001961 -0.004817 0.000000 0.001411 0.993748 -0.111638 14.702400 0.005006 0.111630 0.993737 -0.000000 0.000000 0.000000 0.000000 1.000000
0.999996 -0.002892 -0.000654 0.000000 0.002793 0.992802 -0.119738 14.702400 0.000996 0.119736 0.992805 -0.000000 0.000000 0.000000 0.000000 1.000000
0.999811 -0.007177 0.018059 -0.000000 0.009526 0.990999 -0.133533 14.702400 -0.016938 0.133680 0.990880 0.000000 0.000000 0.000000 0.000000 1.000000
0.998632 -0.011299 0.051051 -0.000000 0.019018 0.987987 -0.153360 14.702400 -0.048705 0.154121 0.986851 0.000000 0.000000 0.000000 0.000000 1.000000
0.996309 -0.008676 0.085394 0.000000 0.023596 0.984233 -0.175293 14.702400 -0.082527 0.176661 0.980806 0.000000 0.000000 0.000000 0.000000 1.000000
0.994712 0.005286 0.102565 0.000000 0.014742 0.980984 -0.193530 14.702400 -0.101637 0.194019 0.975718 0.000000 0.000000 0.000000 0.000000 1.000000
0.995216 0.028916 0.093323 0.000000 -0.009279 0.978855 -0.204343 14.702400 -0.097258 0.202500 0.974441 0.000000 0.000000 0.000000 0.000000 1.000000
0.996392 0.054694 0.064898 0.000000 -0.040138 0.977414 -0.207489 14.702400 -0.074780 0.204135 0.976082 0.000000 0.000000 0.000000 0.000000 1.000000
0.996761 0.073334 0.033023 0.000000 -0.065057 0.976590 -0.205036 14.702400 -0.047286 0.202223 0.978197 0.000000 0.000000 0.000000 0.000000 1.000000
0.996905 0.078265 0.007389 -0.000000 -0.075232 0.977072 -0.199174 14.702400 -0.022808 0.198002 0.979936 -0.000000 0.000000 0.000000 0.000000 1.000000
0.997572 0.068153 -0.014324 -0.000000 -0.069635 0.979044 -0.191375 14.702400 0.000981 0.191908 0.981413 0.000000 0.000000 0.000000 0.000000 1.000000
0.998122 0.047494 -0.038696 0.000000 -0.053829 0.981485 -0.183820 14.702400 0.029249 0.185557 0.982198 0.000000 0.000000 0.000000 0.000000 1.000000
0.997568 0.024968 -0.065075 0.000000 -0.036356 0.982963 -0.180170 14.702400 0.059467 0.182097 0.981481 0.000000 0.000000 0.000000 0.000000 1.000000
0.996480 0.008744 -0.083379 0.000000 -0.023980 0.982720 -0.183536 14.702400 0.080333 0.184889 0.979471 0.000000 0.000000 0.000000 0.000000 1.000000
0.996527 0.001292 -0.083264 0.000000 -0.017436 0.980955 -0.193451 14.702400 0.081429 0.194231 0.977570 0.000000 0.000000 0.000000 0.000000 1.000000
0.997915 -0.001309 -0.064534 -0.000000 -0.011978 0.978672 -0.205079 14.702400 0.063426 0.205424 0.976616 0.000000 0.000000 0.000000 0.000000 1.000000
0.999261 -0.004808 -0.038146 0.000000 -0.003398 0.977225 -0.212181 14.702400 0.038298 0.212153 0.976486 0.000000 0.000000 0.000000 0.000000 1.000000
0.999781 -0.011847 -0.017279 0.000000 0.007919 0.977263 -0.211884 14.702400 0.019396 0.211700 0.977142 -0.000000 0.000000 0.000000 0.000000 1.000000
0.999739 -0.021552 -0.007569 0.000000 0.019524 0.978230 -0.206601 14.702400 0.011857 0.206400 0.978396 0.000000 0.000000 0.000000 0.000000 1.000000
0.999453 -0.032611 -0.005573 0.000000 0.030826 0.979100 -0.201030 14.702400 0.012013 0.200748 0.979569 0.000000 0.000000 0.000000 0.000000 1.000000
0.998976 -0.044958 -0.005103 0.000000 0.043064 0.979330 -0.197631 14.702400 0.013883 0.197209 0.980263 0.000000 0.000000 0.000000 0.000000 1.000000
0.998294 -0.058267 -0.003618 0.000000 0.056438 0.979093 -0.195428 14.702400 0.014930 0.194891 0.980711 0.000000 0.000000 0.000000 0.000000 1.000000
0.997531 -0.070177 -0.002753 -0.000000 0.068334 0.978887 -0.192644 14.702400 0.016214 0.191980 0.981265 0.000000 0.000000 0.000000 0.000000 1.000000
0.997023 -0.076965 -0.004535 -0.000000 0.074725 0.979133 -0.188982 14.702400 0.018985 0.188081 0.981970 0.000000 0.000000 0.000000 0.000000 1.000000
0.997084 -0.075816 -0.008665 0.000000 0.072916 0.980065 -0.184811 14.702400 0.022504 0.183640 0.982736 0.000000 0.000000 0.000000 0.000000 1.000000
0.997703 -0.066451 -0.013183 -0.000000 0.063013 0.981720 -0.179598 14.702400 0.024877 0.178355 0.983652 0.000000 0.000000 0.000000 0.000000 1.000000
0.998545 -0.051399 -0.016285 -0.000000 0.047823 0.983803 -0.172753 14.702400 0.024901 0.171723 0.984830 0.000000 0.000000 0.000000 0.000000 1.000000
0.999240 -0.035183 -0.016780 0.000000 0.031923 0.985670 -0.165639 14.702400 0.022368 0.164977 0.986044 0.000000 0.000000 0.000000 0.000000 1.000000
0.999655 -0.022408 -0.013669 0.000000 0.019915 0.986724 -0.161178 14.702400 0.017100 0.160850 0.986831 0.000000 0.000000 0.000000 0.000000 1.000000
0.999863 -0.015227 -0.006534 0.000000 0.013978 0.986870 -0.160909 14.702400 0.008899 0.160796 0.986948 0.000000 0.000000 0.000000 0.000000 1.000000
0.999921 -0.012112 0.003464 0.000000 0.012515 0.986507 -0.163238 14.702400 -0.001440 0.163268 0.986581 0.000000 0.000000 0.000000 0.000000 1.000000
0.999861 -0.009532 0.013713 0.000000 0.011666 0.986214 -0.165061 14.702400 -0.011950 0.165198 0.986188 0.000000 0.000000 0.000000 0.000000 1.000000
0.999749 -0.005253 0.021773 0.000000 0.008765 0.986339 -0.164494 14.702400 -0.020612 0.164643 0.986138 0.000000 0.000000 0.000000 0.000000 1.000000
0.999640 -0.000048 0.026834 0.000000 0.004384 0.986855 -0.161547 14.702400 -0.026473 0.161607 0.986500 0.000000 0.000000 0.000000 0.000000 1.000000
0.999556 0.003675 0.029582 0.000000 0.001010 0.987623 -0.156841 14.702400 -0.029793 0.156802 0.987181 0.000000 0.000000 0.000000 0.000000 1.000000
0.999508 0.004427 0.031067 0.000000 0.000302 0.988595 -0.150599 14.702400 -0.031379 0.150534 0.988107 0.000000 0.000000 0.000000 0.000000 1.000000
0.999488 0.002626 0.031888 0.000000 0.001958 0.989740 -0.142867 14.702400 -0.031936 0.142856 0.989228 0.000000 0.000000 0.000000 0.000000 1.000000
0.999482 -0.000425 0.032195 0.000000 0.004739 0.990965 -0.134036 14.702400 -0.031847 0.134119 0.990453 0.000000 0.000000 0.000000 0.000000 1.000000
0.999479 -0.003818 0.032040 0.000000 0.007793 0.992144 -0.124855 14.702400 -0.031312 0.125040 0.991658 0.000000 0.000000 0.000000 0.000000 1.000000
0.999475 -0.007213 0.031593 0.000000 0.010841 0.993165 -0.116216 14.702400 -0.030539 0.116497 0.992721 0.000000 0.000000 0.000000 0.000000 1.000000
0.999466 -0.010312 0.031014 -0.000000 0.013637 0.993949 -0.108997 14.702400 -0.029703 0.109361 0.993558 0.000000 0.000000 0.000000 0.000000 1.000000
0.999462 -0.012700 0.030252 0.000000 0.015776 0.994481 -0.103721 14.702400 -0.028768 0.104143 0.994146 0.000000 0.000000 0.000000 0.000000 1.000000
0.999479 -0.014069 0.029039 0.000000 0.016921 0.994803 -0.100407 14.702400 -0.027475 0.100846 0.994523 0.000000 0.000000 0.000000 0.000000 1.000000</float_array>
        <technique_common>
          <accessor source="#mixamorig_Spine2-Matrix-animation-output-transform-array" count="49" stride="16">
            <param type="float4x4"/>
          </accessor>
        </technique_common>
      </source>
      <source id="mixamorig_Spine2-Interpolations">
        <Name_array id="mixamorig_Spine2-Interpolations-array" count="49">
 LINEAR LINEAR LINEAR LINEAR LINEAR LINEAR LINEAR LINEAR LINEAR LINEAR LINEAR
LINEAR LINEAR LINEAR LINEAR LINEAR LINEAR LINEAR LINEAR LINEAR LINEAR LINEAR LINEAR
LINEAR LINEAR LINEAR LINEAR LINEAR LINEAR LINEAR LINEAR LINEAR LINEAR LINEAR LINEAR
LINEAR LINEAR LINEAR LINEAR LINEAR LINEAR LINEAR LINEAR LINEAR LINEAR LINEAR LINEAR
LINEAR LINEAR</Name_array>
        <technique_common>
          <accessor source="#mixamorig_Spine2-Interpolations-array" count="49">
            <param type="name"/>
          </accessor>
        </technique_common>
      </source>
      <sampler id="mixamorig_Spine2-Matrix-animation-transform">
        <input semantic="INPUT" source="#mixamorig_Spine2-Matrix-animation-input"/>
        <input semantic="OUTPUT" source="#mixamorig_Spine2-Matrix-animation-output-transform"/>
        <input semantic="INTERPOLATION" source="#mixamorig_Spine2-Interpolations"/>
      </sampler>
      <channel source="#mixamorig_Spine2-Matrix-animation-transform" target="mixamorig_Spine2/matrix"/>
    </animation>
    <animation id="mixamorig_Neck-anim" name="mixamorig_Neck">
      <source id="mixamorig_Neck-Matrix-animation-input">
        <float_array id="mixamorig_Neck-Matrix-animation-input-array" count="49">

