<?xml version="1.0" encoding="utf-8"?>
<COLLADA xmlns="http://www.collada.org/2005/11/COLLADASchema" version="1.4.1">
  <asset>
    <contributor>
      <author>Mixamo</author>
      <authoring_tool>COLLADA Mixamo exporter</authoring_tool>
      <comments/>
    </contributor>
    <created>2025-11-07T03:11:42Z</created>
    <modified>2025-11-07T03:11:42Z</modified>
    <revision/>
    <title/>
    <unit meter="0.010000"/>
    <up_axis>Y_UP</up_axis>
  </asset>
  <library_animations>
    <animation id="mixamorig_Hips-anim" name="mixamorig_Hips">
      <source id="mixamorig_Hips-Matrix-animation-input">
        <float_array id="mixamorig_Hips-Matrix-animation-input-array" count="32">

0.000000 0.033333 0.066667 0.100000 0.133333 0.166667 0.200000 0.233333 0.266667 0.300000 0.333333 0.366667 0.400000 0.433333 0.466667 0.500000
0.533333 0.566667 0.600000 0.633333 0.666667 0.700000 0.733333 0.766667 0.800000 0.833333 0.866667 0.900000 0.933333 0.966667 1.000000 1.033333</float_array>
        <technique_common>
          <accessor source="#mixamorig_Hips-Matrix-animation-input-array" count="32">
            <param name="TIME" type="float"/>
          </accessor>
        </technique_common>
      </source>
      <source id="mixamorig_Hips-Matrix-animation-output-transform">
        <float_array id="mixamorig_Hips-Matrix-animation-output-transform-array" count="512">

0.838762 0.021978 -0.544054 -2.483628 -0.084167 0.992409 -0.089669 101.968658 0.537953 0.121003 0.834245 2.429102 0.000000 0.000000 0.000000 1.000000
0.841480 0.022677 -0.539813 -2.570597 -0.083366 0.992603 -0.088256 102.084938 0.533818 0.119268 0.837146 2.393736 0.000000 0.000000 0.000000 1.000000
0.846694 0.020298 -0.531693 -2.608820 -0.084653 0.991683 -0.096947 101.845810 0.525303 0.127094 0.841370 2.076404 0.000000 0.000000 0.000000 1.000000
0.852470 0.017542 -0.522482 -2.629864 -0.086983 0.990265 -0.108672 101.147461 0.515489 0.138087 0.845697 1.646887 0.000000 0.000000 0.000000 1.000000
0.859976 0.018570 -0.509996 -2.676745 -0.091800 0.988666 -0.118798 99.906822 0.502010 0.148981 0.851934 1.099303 0.000000 0.000000 0.000000 1.000000
0.870860 0.024756 -0.490908 -2.767203 -0.097884 0.987462 -0.123848 98.165962 0.481687 0.155907 0.862364 0.442331 0.000000 0.000000 0.000000 1.000000
0.883762 0.030713 -0.466927 -2.844366 -0.100957 0.986858 -0.126170 96.051346 0.456916 0.158644 0.875249 -0.266500 0.000000 0.000000 0.000000 1.000000
0.892333 0.027380 -0.450546 -2.810285 -0.097064 0.986447 -0.132294 93.751343 0.440818 0.161782 0.882896 -0.921663 0.000000 0.000000 0.000000 1.000000
0.887320 0.009634 -0.461053 -2.599774 -0.086898 0.985364 -0.146650 91.536346 0.452892 0.170190 0.875171 -1.426628 0.000000 0.000000 0.000000 1.000000
0.859495 -0.019509 -0.510771 -2.190864 -0.077221 0.982846 -0.167484 89.708679 0.505277 0.183394 0.843245 -1.721439 0.000000 0.000000 0.000000 1.000000
0.802452 -0.052104 -0.594437 -1.562641 -0.075574 0.979285 -0.187856 88.466873 0.591911 0.195669 0.781892 -1.751873 0.000000 0.000000 0.000000 1.000000
0.717829 -0.081086 -0.691481 -0.710859 -0.083460 0.976011 -0.201092 87.810989 0.691199 0.202061 0.693842 -1.482887 0.000000 0.000000 0.000000 1.000000
0.620688 -0.101656 -0.777439 0.257261 -0.098262 0.973656 -0.205763 87.575668 0.777876 0.204108 0.594348 -1.003308 0.000000 0.000000 0.000000 1.000000
0.537237 -0.109082 -0.836348 1.093789 -0.119678 0.971709 -0.203613 87.553406 0.834898 0.209481 0.508983 -0.550726 0.000000 0.000000 0.000000 1.000000
0.488551 -0.100381 -0.866742 1.556180 -0.148218 0.969375 -0.195813 87.610512 0.859854 0.224131 0.458711 -0.295944 0.000000 0.000000 0.000000 1.000000
0.471809 -0.080755 -0.877995 1.591833 -0.178099 0.966541 -0.184604 87.735222 0.863526 0.243468 0.441641 -0.100380 0.000000 0.000000 0.000000 1.000000
0.463534 -0.064333 -0.883741 1.318372 -0.196364 0.965104 -0.173251 88.031433 0.864047 0.253843 0.434725 0.341156 0.000000 0.000000 0.000000 1.000000
0.446624 -0.062302 -0.892550 0.858081 -0.192916 0.967403 -0.164060 88.645294 0.873676 0.245460 0.420047 1.098429 0.000000 0.000000 0.000000 1.000000
0.431035 -0.070739 -0.899558 0.281110 -0.171148 0.972416 -0.158476 89.653923 0.885956 0.222267 0.407038 1.920136 0.000000 0.000000 0.000000 1.000000
0.442100 -0.075691 -0.893766 -0.339210 -0.144337 0.977444 -0.154173 91.015778 0.885276 0.197164 0.421203 2.502765 0.000000 0.000000 0.000000 1.000000
0.488169 -0.070256 -0.869917 -0.916211 -0.122852 0.981298 -0.148192 92.578476 0.864059 0.179214 0.470409 2.708189 0.000000 0.000000 0.000000 1.000000
0.550209 -0.061095 -0.832789 -1.398521 -0.108175 0.983701 -0.143635 94.135292 0.827991 0.169117 0.534632 2.604506 0.000000 0.000000 0.000000 1.000000
0.606175 -0.057022 -0.793285 -1.776978 -0.097102 0.984659 -0.144977 95.537003 0.789382 0.164911 0.591338 2.365644 0.000000 0.000000 0.000000 1.000000
0.652840 -0.056912 -0.755355 -2.037011 -0.088984 0.984508 -0.151085 96.756561 0.752251 0.165849 0.637662 2.114926 0.000000 0.000000 0.000000 1.000000
0.700015 -0.052369 -0.712205 -2.152030 -0.085733 0.983932 -0.156615 97.831192 0.708963 0.170693 0.684277 1.871778 0.000000 0.000000 0.000000 1.000000
0.752104 -0.038646 -0.657910 -2.134245 -0.087638 0.983549 -0.157960 98.733246 0.653191 0.176461 0.736344 1.613086 0.000000 0.000000 0.000000 1.000000
0.800798 -0.019269 -0.598624 -2.058167 -0.092470 0.983521 -0.155359 99.475510 0.591753 0.179766 0.785820 1.348946 0.000000 0.000000 0.000000 1.000000
0.823703 -0.003662 -0.567009 -2.051452 -0.096588 0.984458 -0.146672 100.183105 0.558734 0.175580 0.810548 1.148267 0.000000 0.000000 0.000000 1.000000
0.835712 0.008922 -0.549095 -2.097810 -0.099289 0.985845 -0.135097 100.815475 0.540118 0.167421 0.824768 1.211437 0.000000 0.000000 0.000000 1.000000
0.841548 0.016857 -0.539920 -2.196287 -0.097220 0.987918 -0.120688 101.329498 0.531362 0.154056 0.833019 1.574133 0.000000 0.000000 0.000000 1.000000
0.840044 0.019928 -0.542153 -2.345993 -0.089926 0.990616 -0.102925 101.689270 0.535014 0.135215 0.833952 2.085616 0.000000 0.000000 0.000000 1.000000
0.838762 0.021978 -0.544054 -2.483628 -0.084167 0.992409 -0.089669 101.968658 0.537953 0.121003 0.834245 2.429102 0.000000 0.000000 0.000000 1.000000</float_array>
        <technique_common>
          <accessor source="#mixamorig_Hips-Matrix-animation-output-transform-array" count="32" stride="16">
            <param type="float4x4"/>
          </accessor>
        </technique_common>
      </source>
      <source id="mixamorig_Hips-Interpolations">
        <Name_array id="mixamorig_Hips-Interpolations-array" count="32">
 LINEAR LINEAR LINEAR LINEAR LINEAR LINEAR LINEAR LINEAR LINEAR LINEAR LINEAR
LINEAR LINEAR LINEAR LINEAR LINEAR LINEAR LINEAR LINEAR LINEAR LINEAR LINEAR LINEAR
LINEAR LINEAR LINEAR LINEAR LINEAR LINEAR LINEAR LINEAR LINEAR</Name_array>
        <technique_common>
          <accessor source="#mixamorig_Hips-Interpolations-array" count="32">
            <param type="name"/>
          </accessor>
        </technique_common>
      </source>
      <sampler id="mixamorig_Hips-Matrix-animation-transform">
        <input semantic="INPUT" source="#mixamorig_Hips-Matrix-animation-input"/>
        <input semantic="OUTPUT" source="#mixamorig_Hips-Matrix-animation-output-transform"/>
        <input semantic="INTERPOLATION" source="#mixamorig_Hips-Interpolations"/>
      </sampler>
      <channel source="#mixamorig_Hips-Matrix-animation-transform" target="mixamorig_Hips/matrix"/>
    </animation>
    <animation id="mixamorig_Spine-anim" name="mixamorig_Spine">
      <source id="mixamorig_Spine-Matrix-animation-input">
        <float_array id="mixamorig_Spine-Matrix-animation-input-array" count="32">

0.000000 0.033333 0.066667 0.100000 0.133333 0.166667 0.200000 0.233333 0.266667 0.300000 0.333333 0.366667 0.400000 0.433333 0.466667 0.500000
0.533333 0.566667 0.600000 0.633333 0.666667 0.700000 0.733333 0.766667 0.800000 0.833333 0.866667 0.900000 0.933333 0.966667 1.000000 1.033333</float_array>
        <technique_common>
          <accessor source="#mixamorig_Spine-Matrix-animation-input-array" count="32">
            <param name="TIME" type="float"/>
          </accessor>
        </technique_common>
      </source>
      <source id="mixamorig_Spine-Matrix-animation-output-transform">
        <float_array id="mixamorig_Spine-Matrix-animation-output-transform-array" count="512">

0.997467 -0.056103 0.043733 -0.000500 0.057020 0.998172 -0.020011 10.964600 -0.042531 0.022454 0.998843 -0.062000 0.000000 0.000000 0.000000 1.000000
0.997599 -0.053975 0.043391 -0.000500 0.054839 0.998315 -0.018977 10.964600 -0.042294 0.021311 0.998878 -0.062000 0.000000 0.000000 0.000000 1.000000
0.997774 -0.051014 0.042952 -0.000500 0.051771 0.998519 -0.016705 10.964600 -0.042037 0.018891 0.998937 -0.062000 0.000000 0.000000 0.000000 1.000000
0.997947 -0.047872 0.042538 -0.000500 0.048609 0.998682 -0.016455 10.964600 -0.041695 0.018489 0.998959 -0.062000 0.000000 0.000000 0.000000 1.000000
0.998005 -0.046090 0.043145 -0.000500 0.046916 0.998731 -0.018335 10.964600 -0.042245 0.020323 0.998901 -0.062000 0.000000 0.000000 0.000000 1.000000
0.997952 -0.044852 0.045606 -0.000500 0.045856 0.998723 -0.021199 10.964600 -0.044597 0.023247 0.998735 -0.062000 0.000000 0.000000 0.000000 1.000000
0.997744 -0.044111 0.050613 -0.000500 0.045396 0.998668 -0.024536 10.964600 -0.049463 0.026778 0.998417 -0.062000 0.000000 0.000000 0.000000 1.000000
0.997294 -0.043728 0.059104 -0.000500 0.045402 0.998596 -0.027285 10.964600 -0.057828 0.029894 0.997879 -0.062000 0.000000 0.000000 0.000000 1.000000
0.996550 -0.042732 0.071142 -0.000500 0.044831 0.998597 -0.028175 10.964600 -0.069839 0.031267 0.997068 -0.062000 0.000000 0.000000 0.000000 1.000000
0.995635 -0.040920 0.083889 -0.000500 0.043383 0.998673 -0.027741 10.964600 -0.082643 0.031260 0.996089 -0.062000 0.000000 0.000000 0.000000 1.000000
0.994999 -0.037555 0.092554 -0.000500 0.040249 0.998814 -0.027412 10.964600 -0.091414 0.031000 0.995330 -0.062000 0.000000 0.000000 0.000000 1.000000
0.995014 -0.033555 0.093926 -0.000500 0.036327 0.998949 -0.027955 10.964600 -0.092889 0.031228 0.995187 -0.062000 0.000000 0.000000 0.000000 1.000000
0.995614 -0.033046 0.087529 -0.000500 0.035637 0.998967 -0.028209 10.964600 -0.086506 0.031205 0.995762 -0.062000 0.000000 0.000000 0.000000 1.000000
0.996520 -0.040669 0.072761 -0.000500 0.042687 0.998740 -0.026393 10.964600 -0.071596 0.029407 0.997000 -0.062000 0.000000 0.000000 0.000000 1.000000
0.997289 -0.055635 0.048155 -0.000500 0.056812 0.998110 -0.023427 10.964600 -0.046761 0.026100 0.998565 -0.062000 0.000000 0.000000 0.000000 1.000000
0.997422 -0.069829 0.016536 -0.000500 0.070199 0.997268 -0.022990 10.964600 -0.014886 0.024091 0.999599 -0.062000 0.000000 0.000000 0.000000 1.000000
0.997074 -0.075520 -0.011864 -0.000500 0.075193 0.996830 -0.025982 10.964600 0.013788 0.025014 0.999592 -0.062000 0.000000 0.000000 0.000000 1.000000
0.996919 -0.073970 -0.026114 -0.000500 0.073224 0.996909 -0.028460 10.964600 0.028138 0.026460 0.999254 -0.062000 0.000000 0.000000 0.000000 1.000000
0.997127 -0.072146 -0.023075 -0.000500 0.071526 0.997083 -0.026624 10.964600 0.024929 0.024897 0.999379 -0.062000 0.000000 0.000000 0.000000 1.000000
0.997219 -0.074154 -0.007486 -0.000500 0.073993 0.997062 -0.019795 10.964600 0.008932 0.019186 0.999776 -0.062000 0.000000 0.000000 0.000000 1.000000
0.996769 -0.079256 0.013013 -0.000500 0.079384 0.996798 -0.009612 10.964600 -0.012210 0.010614 0.999869 -0.062000 0.000000 0.000000 0.000000 1.000000
0.995962 -0.083957 0.031792 -0.000500 0.083978 0.996467 0.000679 10.964600 -0.031736 0.001994 0.999494 -0.062000 0.000000 0.000000 0.000000 1.000000
0.995372 -0.084817 0.045169 -0.000500 0.084560 0.996390 0.007583 10.964600 -0.045649 -0.003728 0.998951 -0.062000 0.000000 0.000000 0.000000 1.000000
0.995280 -0.081378 0.052877 -0.000500 0.080953 0.996666 0.010144 10.964600 -0.053526 -0.005815 0.998550 -0.062000 0.000000 0.000000 0.000000 1.000000
0.995455 -0.076673 0.056479 -0.000500 0.076247 0.997042 0.009655 10.964600 -0.057052 -0.005305 0.998357 -0.062000 0.000000 0.000000 0.000000 1.000000
0.995608 -0.074249 0.057026 -0.000500 0.073965 0.997236 0.007077 10.964600 -0.057394 -0.002828 0.998348 -0.062000 0.000000 0.000000 0.000000 1.000000
0.995743 -0.074045 0.054901 -0.000500 0.073983 0.997255 0.003154 10.964600 -0.054984 0.000922 0.998487 -0.062000 0.000000 0.000000 0.000000 1.000000
0.995957 -0.073645 0.051432 -0.000500 0.073847 0.997268 -0.002020 10.964600 -0.051143 0.005810 0.998674 -0.062000 0.000000 0.000000 0.000000 1.000000
0.996223 -0.072152 0.048307 -0.000500 0.072627 0.997326 -0.008143 10.964600 -0.047591 0.011621 0.998799 -0.062000 0.000000 0.000000 0.000000 1.000000
0.996685 -0.066964 0.046214 -0.000500 0.067627 0.997627 -0.012947 10.964600 -0.045238 0.016029 0.998848 -0.062000 0.000000 0.000000 0.000000 1.000000
0.997169 -0.060419 0.044750 -0.000500 0.061243 0.997973 -0.017276 10.964600 -0.043616 0.019967 0.998849 -0.062000 0.000000 0.000000 0.000000 1.000000
0.997467 -0.056103 0.043733 -0.000500 0.057020 0.998172 -0.020011 10.964600 -0.042531 0.022454 0.998843 -0.062000 0.000000 0.000000 0.000000 1.000000</float_array>
        <technique_common>
          <accessor source="#mixamorig_Spine-Matrix-animation-output-transform-array" count="32" stride="16">
            <param type="float4x4"/>
          </accessor>
        </technique_common>
      </source>
      <source id="mixamorig_Spine-Interpolations">
        <Name_array id="mixamorig_Spine-Interpolations-array" count="32">
 LINEAR LINEAR LINEAR LINEAR LINEAR LINEAR LINEAR LINEAR LINEAR LINEAR LINEAR
LINEAR LINEAR LINEAR LINEAR LINEAR LINEAR LINEAR LINEAR LINEAR LINEAR LINEAR LINEAR
LINEAR LINEAR LINEAR LINEAR LINEAR LINEAR LINEAR LINEAR LINEAR</Name_array>
        <technique_common>
          <accessor source="#mixamorig_Spine-Interpolations-array" count="32">
            <param type="name"/>
          </accessor>
        </technique_common>
      </source>
      <sampler id="mixamorig_Spine-Matrix-animation-transform">
        <input semantic="INPUT" source="#mixamorig_Spine-Matrix-animation-input"/>
        <input semantic="OUTPUT" source="#mixamorig_Spine-Matrix-animation-output-transform"/>
        <input semantic="INTERPOLATION" source="#mixamorig_Spine-Interpolations"/>
      </sampler>
      <channel source="#mixamorig_Spine-Matrix-animation-transform" target="mixamorig_Spine/matrix"/>
    </animation>
    <animation id="mixamorig_Spine1-anim" name="mixamorig_Spine1">
      <source id="mixamorig_Spine1-Matrix-animation-input">
        <float_array id="mixamorig_Spine1-Matrix-animation-input-array" count="32">

0.000000 0.033333 0.066667 0.100000 0.133333 0.166667 0.200000 0.233333 0.266667 0.300000 0.333333 0.366667 0.400000 0.433333 0.466667 0.500000
0.533333 0.566667 0.600000 0.633333 0.666667 0.700000 0.733333 0.766667 0.800000 0.833333 0.866667 0.900000 0.933333 0.966667 1.000000 1.033333</float_array>
        <technique_common>
          <accessor source="#mixamorig_Spine1-Matrix-animation-input-array" count="32">
            <param name="TIME" type="float"/>
          </accessor>
        </technique_common>
      </source>
      <source id="mixamorig_Spine1-Matrix-animation-output-transform">
        <float_array id="mixamorig_Spine1-Matrix-animation-output-transform-array" count="512">

0.994142 -0.048680 0.096497 0.000600 0.049793 0.998718 -0.009162 12.633800 -0.095927 0.013913 0.995291 -0.357500 0.000000 0.000000 0.000000 1.000000
0.994335 -0.046175 0.095738 0.000600 0.047081 0.998865 -0.007220 12.633800 -0.095296 0.011687 0.995380 -0.357500 0.000000 0.000000 0.000000 1.000000
0.994652 -0.041750 0.094474 0.000600 0.042287 0.999099 -0.003685 12.633800 -0.094235 0.007660 0.995521 -0.357500 0.000000 0.000000 0.000000 1.000000
0.995148 -0.035556 0.091735 0.000600 0.035986 0.999348 -0.003035 12.633800 -0.091567 0.006321 0.995779 -0.357500 0.000000 0.000000 0.000000 1.000000
0.995434 -0.030122 0.090575 0.000600 0.030862 0.999501 -0.006786 12.633800 -0.090325 0.009550 0.995867 -0.357500 0.000000 0.000000 0.000000 1.000000
0.995213 -0.025758 0.094272 0.000600 0.027222 0.999527 -0.014275 12.633800 -0.093860 0.016773 0.995444 -0.357500 0.000000 0.000000 0.000000 1.000000
0.994257 -0.021461 0.104846 0.000600 0.024030 0.999440 -0.023293 12.633800 -0.104288 0.025679 0.994216 -0.357500 0.000000 0.000000 0.000000 1.000000
0.992209 -0.015819 0.123577 0.000600 0.019745 0.999336 -0.030609 12.633800 -0.123011 0.032811 0.991863 -0.357500 0.000000 0.000000 0.000000 1.000000
0.988660 -0.008920 0.149908 0.000600 0.014146 0.999327 -0.033833 12.633800 -0.149505 0.035570 0.988121 -0.357500 0.000000 0.000000 0.000000 1.000000
0.983941 -0.003380 0.178463 0.000600 0.009447 0.999406 -0.033154 12.633800 -0.178245 0.034308 0.983388 -0.357500 0.000000 0.000000 0.000000 1.000000
0.979702 -0.000888 0.200457 0.000600 0.007202 0.999501 -0.030770 12.633800 -0.200330 0.031589 0.979219 -0.357500 0.000000 0.000000 0.000000 1.000000
0.977715 -0.001942 0.209927 0.000600 0.008321 0.999530 -0.029506 12.633800 -0.209771 0.030595 0.977272 -0.357500 0.000000 0.000000 0.000000 1.000000
0.978704 -0.008688 0.205091 0.000600 0.015252 0.999420 -0.030444 12.633800 -0.204707 0.032924 0.978269 -0.357500 0.000000 0.000000 0.000000 1.000000
0.983035 -0.025535 0.181630 0.000600 0.031805 0.998992 -0.031687 12.633800 -0.180638 0.036926 0.982856 -0.357500 0.000000 0.000000 0.000000 1.000000
0.989808 -0.053252 0.132076 0.000600 0.057875 0.997830 -0.031410 12.633800 -0.130117 0.038734 0.990742 -0.357500 0.000000 0.000000 0.000000 1.000000
0.994667 -0.083524 0.060517 0.000600 0.085506 0.995857 -0.030943 12.633800 -0.057681 0.035952 0.997687 -0.357500 0.000000 0.000000 0.000000 1.000000
0.994426 -0.105158 -0.007671 0.000600 0.104879 0.994015 -0.030557 12.633800 0.010839 0.029582 0.999504 -0.357500 0.000000 0.000000 0.000000 1.000000
0.992372 -0.115358 -0.043469 0.000600 0.114246 0.993078 -0.027275 12.633800 0.046314 0.022101 0.998682 -0.357500 0.000000 0.000000 0.000000 1.000000
0.992178 -0.119104 -0.037382 0.000600 0.118401 0.992754 -0.020494 12.633800 0.039552 0.015908 0.999091 -0.357500 0.000000 0.000000 0.000000 1.000000
0.992716 -0.120478 0.000191 0.000600 0.120471 0.992635 -0.012783 12.633800 0.001350 0.012713 0.999918 -0.357500 0.000000 0.000000 0.000000 1.000000
0.991486 -0.119887 0.050826 0.000600 0.120328 0.992718 -0.005693 12.633800 -0.049774 0.011760 0.998691 -0.357500 0.000000 0.000000 0.000000 1.000000
0.988505 -0.116216 0.096702 0.000600 0.116642 0.993173 0.001253 12.633800 -0.096188 0.010041 0.995313 -0.357500 0.000000 0.000000 0.000000 1.000000
0.985982 -0.108709 0.126575 0.000600 0.108547 0.994057 0.008199 12.633800 -0.126714 0.005656 0.991923 -0.357500 0.000000 0.000000 0.000000 1.000000
0.985282 -0.098275 0.139863 0.000600 0.097268 0.995159 0.014037 12.633800 -0.140565 -0.000227 0.990071 -0.357500 0.000000 0.000000 0.000000 1.000000
0.985838 -0.087921 0.142806 0.000600 0.086328 0.996116 0.017330 12.633800 -0.143775 -0.004757 0.989599 -0.357500 0.000000 0.000000 0.000000 1.000000
0.986876 -0.080746 0.139841 0.000600 0.079111 0.996717 0.017218 12.633800 -0.140772 -0.005929 0.990024 -0.357500 0.000000 0.000000 0.000000 1.000000
0.988291 -0.076536 0.131996 0.000600 0.075342 0.997059 0.014021 12.633800 -0.132681 -0.003912 0.991151 -0.357500 0.000000 0.000000 0.000000 1.000000
0.989918 -0.072786 0.121508 0.000600 0.072291 0.997348 0.008485 12.633800 -0.121804 0.000384 0.992554 -0.357500 0.000000 0.000000 0.000000 1.000000
0.991348 -0.068249 0.112124 0.000600 0.068447 0.997653 0.002089 12.633800 -0.112003 0.005603 0.993692 -0.357500 0.000000 0.000000 0.000000 1.000000
0.992534 -0.061339 0.105423 0.000600 0.061994 0.998072 -0.002940 12.633800 -0.105039 0.009454 0.994423 -0.357500 0.000000 0.000000 0.000000 1.000000
0.993524 -0.053749 0.100110 0.000600 0.054724 0.998477 -0.007019 12.633800 -0.099581 0.012452 0.994952 -0.357500 0.000000 0.000000 0.000000 1.000000
0.994142 -0.048680 0.096497 0.000600 0.049793 0.998718 -0.009162 12.633800 -0.095927 0.013913 0.995291 -0.357500 0.000000 0.000000 0.000000 1.000000</float_array>
        <technique_common>
          <accessor source="#mixamorig_Spine1-Matrix-animation-output-transform-array" count="32" stride="16">
            <param type="float4x4"/>
          </accessor>
        </technique_common>
      </source>
      <source id="mixamorig_Spine1-Interpolations">
        <Name_array id="mixamorig_Spine1-Interpolations-array" count="32">
 LINEAR LINEAR LINEAR LINEAR LINEAR LINEAR LINEAR LINEAR LINEAR LINEAR LINEAR
LINEAR LINEAR LINEAR LINEAR LINEAR LINEAR LINEAR LINEAR LINEAR LINEAR LINEAR LINEAR
LINEAR LINEAR LINEAR LINEAR LINEAR LINEAR LINEAR LINEAR LINEAR</Name_array>
        <technique_common>
          <accessor source="#mixamorig_Spine1-Interpolations-array" count="32">
            <param type="name"/>
          </accessor>
        </technique_common>
      </source>
      <sampler id="mixamorig_Spine1-Matrix-animation-transform">
        <input semantic="INPUT" source="#mixamorig_Spine1-Matrix-animation-input"/>
        <input semantic="OUTPUT" source="#mixamorig_Spine1-Matrix-animation-output-transform"/>
        <input semantic="INTERPOLATION" source="#mixamorig_Spine1-Interpolations"/>
      </sampler>
      <channel source="#mixamorig_Spine1-Matrix-animation-transform" target="mixamorig_Spine1/matrix"/>
    </animation>
    <animation id="mixamorig_Spine2-anim" name="mixamorig_Spine2">
      <source id="mixamorig_Spine2-Matrix-animation-input">
        <float_array id="mixamorig_Spine2-Matrix-animation-input-array" count="32">

0.000000 0.033333 0.066667 0.100000 0.133333 0.166667 0.200000 0.233333 0.266667 0.300000 0.333333 0.366667 0.400000 0.433333 0.466667 0.500000
0.533333 0.566667 0.600000 0.633333 0.666667 0.700000 0.733333 0.766667 0.800000 0.833333 0.866667 0.900000 0.933333 0.966667 1.000000 1.033333</float_array>
        <technique_common>
          <accessor source="#mixamorig_Spine2-Matrix-animation-input-array" count="32">
            <param name="TIME" type="float"/>
          </accessor>
        </technique_common>
      </source>
      <source id="mixamorig_Spine2-Matrix-animation-output-transform">
        <float_array id="mixamorig_Spine2-Matrix-animation-output-transform-array" count="512">

0.994202 -0.038604 0.100360 0.000000 0.051395 0.990420 -0.128164 14.702400 -0.094451 0.132579 0.986662 0.000000 0.000000 0.000000 0.000000 1.000000
0.994386 -0.036263 0.099408 0.000000 0.048737 0.990822 -0.126080 14.702400 -0.093923 0.130217 0.987027 0.000000 0.000000 0.000000 0.000000 1.000000
0.994693 -0.031967 0.097792 0.000000 0.043909 0.991494 -0.122519 14.702400 -0.093044 0.126163 0.987636 0.000000 0.000000 0.000000 0.000000 1.000000
0.995173 -0.026106 0.094600 0.000000 0.037586 0.991858 -0.121677 14.702400 -0.090653 0.124645 0.988051 0.000000 0.000000 0.000000 0.000000 1.000000
0.995445 -0.020707 0.093066 0.000000 0.032335 0.991601 -0.125227 14.702400 -0.089691 0.127666 0.987753 -0.000000 0.000000 0.000000 0.000000 1.000000
0.995220 -0.015528 0.096411 -0.000000 0.028311 0.990756 -0.132672 14.702400 -0.093459 0.134767 0.986460 -0.000000 0.000000 0.000000 0.000000 1.000000
0.994264 -0.009364 0.106545 0.000000 0.024498 0.989614 -0.141644 14.702400 -0.104112 0.143442 0.984167 -0.000000 0.000000 0.000000 0.000000 1.000000
0.992197 -0.000900 0.124675 0.000000 0.019577 0.988693 -0.148668 14.702400 -0.123132 0.149949 0.980996 0.000000 0.000000 0.000000 0.000000 1.000000
0.988598 0.009369 0.150289 0.000000 0.013636 0.988391 -0.151316 14.702400 -0.149962 0.151640 0.976994 0.000000 0.000000 0.000000 0.000000 1.000000
0.983811 0.017987 0.178303 -0.000000 0.009084 0.988666 -0.149858 14.702400 -0.178978 0.149052 0.972497 0.000000 0.000000 0.000000 0.000000 1.000000
0.979522 0.022475 0.200081 0.000000 0.007275 0.989150 -0.146730 14.702400 -0.201208 0.145181 0.968730 -0.000000 0.000000 0.000000 0.000000 1.000000
0.977523 0.022329 0.209645 -0.000000 0.008529 0.989374 -0.145144 14.702400 -0.210658 0.143669 0.966945 0.000000 0.000000 0.000000 0.000000 1.000000
0.978547 0.015748 0.205421 -0.000000 0.014866 0.989078 -0.146641 14.702400 -0.205487 0.146549 0.967625 -0.000000 0.000000 0.000000 0.000000 1.000000
0.982983 -0.002476 0.183680 -0.000000 0.030413 0.988304 -0.149432 14.702400 -0.181161 0.152476 0.971561 0.000000 0.000000 0.000000 0.000000 1.000000
0.989933 -0.034973 0.137149 0.000000 0.055774 0.986975 -0.150893 14.702400 -0.130086 0.157023 0.978990 -0.000000 0.000000 0.000000 0.000000 1.000000
0.994911 -0.073546 0.068872 -0.000000 0.083275 0.985000 -0.151129 14.702400 -0.056724 0.156096 0.986112 0.000000 0.000000 0.000000 0.000000 1.000000
0.994606 -0.103688 0.002751 0.000000 0.102924 0.983297 -0.150110 14.702400 0.012860 0.149584 0.988665 0.000000 0.000000 0.000000 0.000000 1.000000
0.992407 -0.118626 -0.032504 0.000000 0.112717 0.982888 -0.145695 14.702400 0.049231 0.140925 0.988795 0.000000 0.000000 0.000000 0.000000 1.000000
0.992168 -0.122053 -0.026577 0.000000 0.117264 0.983397 -0.138489 14.702400 0.043039 0.134287 0.990007 0.000000 0.000000 0.000000 0.000000 1.000000
0.992809 -0.119216 0.010823 0.000000 0.119599 0.984026 -0.131871 14.702400 0.005071 0.132217 0.991208 0.000000 0.000000 0.000000 0.000000 1.000000
0.991749 -0.112577 0.061321 0.000000 0.119632 0.984643 -0.127150 14.702400 -0.046065 0.133437 0.989986 -0.000000 0.000000 0.000000 0.000000 1.000000
0.988890 -0.103364 0.106827 0.000000 0.116259 0.985633 -0.122518 14.702400 -0.092628 0.133576 0.986700 -0.000000 0.000000 0.000000 0.000000 1.000000
0.986377 -0.092657 0.135920 -0.000000 0.108784 0.987220 -0.116462 14.702400 -0.123392 0.129661 0.983851 0.000000 0.000000 0.000000 0.000000 1.000000
0.985606 -0.081464 0.148135 0.000000 0.098291 0.989053 -0.110057 14.702400 -0.137548 0.123034 0.982824 0.000000 0.000000 0.000000 0.000000 1.000000
0.986090 -0.071550 0.150026 0.000000 0.087969 0.990486 -0.105821 14.702400 -0.141028 0.117547 0.983002 0.000000 0.000000 0.000000 0.000000 1.000000
0.987100 -0.065073 0.146285 0.000000 0.080954 0.991133 -0.105365 14.702400 -0.138131 0.115848 0.983615 0.000000 0.000000 0.000000 0.000000 1.000000
0.988521 -0.061628 0.137940 0.000000 0.076910 0.991134 -0.108344 14.702400 -0.130040 0.117710 0.984497 0.000000 0.000000 0.000000 0.000000 1.000000
0.990153 -0.058763 0.127057 0.000000 0.073380 0.990813 -0.113603 14.702400 -0.119214 0.121808 0.985368 -0.000000 0.000000 0.000000 0.000000 1.000000
0.991558 -0.055224 0.117320 0.000000 0.069280 0.990436 -0.119320 14.702400 -0.109609 0.126441 0.985900 0.000000 0.000000 0.000000 0.000000 1.000000
0.992690 -0.049338 0.110144 -0.000000 0.062927 0.990344 -0.123527 14.702400 -0.102986 0.129555 0.986210 0.000000 0.000000 0.000000 0.000000 1.000000
0.993620 -0.042868 0.104317 -0.000000 0.056028 0.990359 -0.126689 14.702400 -0.097880 0.131725 0.986442 -0.000000 0.000000 0.000000 0.000000 1.000000
0.994202 -0.038604 0.100360 0.000000 0.051395 0.990420 -0.128164 14.702400 -0.094451 0.132579 0.986662 0.000000 0.000000 0.000000 0.000000 1.000000</float_array>
        <technique_common>
          <accessor source="#mixamorig_Spine2-Matrix-animation-output-transform-array" count="32" stride="16">
            <param type="float4x4"/>
          </accessor>
        </technique_common>
      </source>
      <source id="mixamorig_Spine2-Interpolations">
        <Name_array id="mixamorig_Spine2-Interpolations-array" count="32">
 LINEAR LINEAR LINEAR LINEAR LINEAR LINEAR LINEAR LINEAR LINEAR LINEAR LINEAR
LINEAR LINEAR LINEAR LINEAR LINEAR LINEAR LINEAR LINEAR LINEAR LINEAR LINEAR LINEAR
LINEAR LINEAR LINEAR LINEAR LINEAR LINEAR LINEAR LINEAR LINEAR</Name_array>
        <technique_common>
          <accessor source="#mixamorig_Spine2-Interpolations-array" count="32">
            <param type="name"/>
          </accessor>
        </technique_common>
      </source>
      <sampler id="mixamorig_Spine2-Matrix-animation-transform">
        <input semantic="INPUT" source="#mixamorig_Spine2-Matrix-animation-input"/>
        <input semantic="OUTPUT" source="#mixamorig_Spine2-Matrix-animation-output-transform"/>
        <input semantic="INTERPOLATION" source="#mixamorig_Spine2-Interpolations"/>
      </sampler>
      <channel source="#mixamorig_Spine2-Matrix-animation-transform" target="mixamorig_Spine2/matrix"/>
    </animation>
    <animation id="mixamorig_Neck-anim" name="mixamorig_Neck">
      <source id="mixamorig_Neck-Matrix-animation-input">
        <float_array id="mixamorig_Neck-Matrix-animation-input-array" count="32">

0.000000 0.033333 0.066667 0.100000 0.133333 0.166667 0.200000 0.233333 0.266667 0.300000 0.333333 0.366667 0.400000 0.433333 0.466667 0.500000
0.533333 0.566667 0.600000 0.633333 0.666667 0.700000 0.733333 0.766667 0.800000 0.833333 0.866667 0.900000 0.933333 0.966667 1.000000 1.033333</float_array>
        <technique_common>
          <accessor source="#mixamorig_Neck-Matrix-animation-input-array" count="32">
            <param name="TIME" type="float"/>
          </accessor>
        </technique_common>
      </source>
      <source id="mixamorig_Neck-Matrix-animation-output-transform">
        <float_array id="mixamorig_Neck-Matrix-animation-output-transform-array" count="512">

0.998143 0.007721 0.060430 -0.027900 0.001829 0.987692 -0.156399 16.208700 -0.060894 0.156219 0.985843 -4.987700 0.000000 0.000000 0.000000 1.000000
0.997905 0.012756 0.063428 -0.027900 -0.002554 0.987374 -0.158383 16.208700 -0.064647 0.157889 0.985338 -4.987700 0.000000 0.000000 0.000000 1.000000
0.997826 0.016549 0.063793 -0.027900 -0.005886 0.986470 -0.163838 16.208700 -0.065641 0.163106 0.984423 -4.987700 0.000000 0.000000 0.000000 1.000000
0.997805 0.020594 0.062938 -0.027900 -0.009819 0.985921 -0.166925 16.208700 -0.065490 0.165941 0.983959 -4.987700 0.000000 0.000000 0.000000 1.000000
0.997861 0.024762 0.060492 -0.027900 -0.014217 0.985531 -0.168901 16.208700 -0.063800 0.167679 0.983775 -4.987700 0.000000 0.000000 0.000000 1.000000
0.998045 0.026468 0.056621 -0.027900 -0.016367 0.984970 -0.171948 16.208700 -0.060321 0.170685 0.983477 -4.987700 0.000000 0.000000 0.000000 1.000000
0.998396 0.023025 0.051717 -0.027900 -0.013575 0.984272 -0.176137 16.208700 -0.054959 0.175152 0.983006 -4.987700 0.000000 0.000000 0.000000 1.000000
0.998793 0.015828 0.046499 -0.027900 -0.007259 0.983830 -0.178958 16.208700 -0.048580 0.178405 0.982757 -4.987700 0.000000 0.000000 0.000000 1.000000
0.999041 0.010001 0.042616 -0.027900 -0.002257 0.984024 -0.178022 16.208700 -0.043716 0.177755 0.983103 -4.987700 0.000000 0.000000 0.000000 1.000000
0.999048 0.009485 0.042577 -0.027900 -0.001950 0.984810 -0.173623 16.208700 -0.043577 0.173374 0.983891 -4.987700 0.000000 0.000000 0.000000 1.000000
0.998749 0.014213 0.047942 -0.027900 -0.005943 0.985698 -0.168419 16.208700 -0.049650 0.167923 0.984549 -4.987700 0.000000 0.000000 0.000000 1.000000
0.998162 0.021494 0.056661 -0.027900 -0.011868 0.986214 -0.165050 16.208700 -0.059428 0.164074 0.984656 -4.987700 0.000000 0.000000 0.000000 1.000000
0.997671 0.026999 0.062631 -0.027900 -0.016368 0.986255 -0.164417 16.208700 -0.066209 0.163009 0.984400 -4.987700 0.000000 0.000000 0.000000 1.000000
0.997529 0.027202 0.064779 -0.027900 -0.016043 0.985840 -0.166921 16.208700 -0.068403 0.165469 0.983840 -4.987700 0.000000 0.000000 0.000000 1.000000
0.997433 0.021950 0.068155 -0.027900 -0.009879 0.984937 -0.172633 16.208700 -0.070918 0.171516 0.982625 -4.987700 0.000000 0.000000 0.000000 1.000000
0.997354 0.013763 0.071378 -0.027900 -0.000909 0.984199 -0.177064 16.208700 -0.072687 0.176530 0.981608 -4.987700 0.000000 0.000000 0.000000 1.000000
0.996847 0.015895 0.077733 -0.027900 -0.001763 0.983922 -0.178589 16.208700 -0.079322 0.177889 0.980848 -4.987700 0.000000 0.000000 0.000000 1.000000
0.995776 0.034495 0.085093 -0.027900 -0.018714 0.983540 -0.179718 16.208700 -0.089892 0.177367 0.980031 -4.987700 0.000000 0.000000 0.000000 1.000000
0.994539 0.055434 0.088430 -0.027900 -0.038524 0.982434 -0.182593 16.208700 -0.096999 0.178189 0.979204 -4.987700 0.000000 0.000000 0.000000 1.000000
0.994688 0.058248 0.084871 -0.027900 -0.041768 0.981962 -0.184406 16.208700 -0.094082 0.179882 0.979179 -4.987700 0.000000 0.000000 0.000000 1.000000
0.996307 0.040458 0.075731 -0.027900 -0.026093 0.982977 -0.181865 16.208700 -0.081800 0.179217 0.980403 -4.987700 0.000000 0.000000 0.000000 1.000000
0.997677 0.018589 0.065543 -0.027900 -0.006748 0.984288 -0.176441 16.208700 -0.067793 0.175589 0.982127 -4.987700 0.000000 0.000000 0.000000 1.000000
0.998264 0.007020 0.058479 -0.027900 0.003194 0.984958 -0.172762 16.208700 -0.058812 0.172649 0.983226 -4.987700 0.000000 0.000000 0.000000 1.000000
0.998514 0.004908 0.054278 -0.027900 0.004656 0.984611 -0.174696 16.208700 -0.054300 0.174689 0.983125 -4.987700 0.000000 0.000000 0.000000 1.000000
0.998779 0.003744 0.049268 -0.027900 0.005342 0.983099 -0.182998 16.208700 -0.049120 0.183038 0.981878 -4.987700 0.000000 0.000000 0.000000 1.000000
0.999134 -0.001053 0.041597 -0.027900 0.009108 0.980974 -0.193927 16.208700 -0.040602 0.194138 0.980134 -4.987700 0.000000 0.000000 0.000000 1.000000
0.999370 -0.007704 0.034649 -0.027900 0.014512 0.979534 -0.200753 16.208700 -0.032393 0.201129 0.979029 -4.987700 0.000000 0.000000 0.000000 1.000000
0.999431 -0.012705 0.031250 -0.027900 0.018659 0.979957 -0.198332 16.208700 -0.028104 0.198802 0.979637 -4.987700 0.000000 0.000000 0.000000 1.000000
0.999334 -0.012738 0.034200 -0.027900 0.018961 0.981925 -0.188316 16.208700 -0.031183 0.188839 0.981513 -4.987700 0.000000 0.000000 0.000000 1.000000
0.999072 -0.007460 0.042414 -0.027900 0.014808 0.984337 -0.175675 16.208700 -0.040439 0.176140 0.983534 -4.987700 0.000000 0.000000 0.000000 1.000000
0.998609 0.000593 0.052726 -0.027900 0.008045 0.986517 -0.163460 16.208700 -0.052112 0.163657 0.985140 -4.987700 0.000000 0.000000 0.000000 1.000000
0.998143 0.007721 0.060430 -0.027900 0.001829 0.987692 -0.156399 16.208700 -0.060894 0.156219 0.985843 -4.987700 0.000000 0.000000 0.000000 1.000000</float_array>
        <technique_common>
          <accessor source="#mixamorig_Neck-Matrix-animation-output-transform-array" count="32" stride="16">
            <param type="float4x4"/>
          </accessor>
        </technique_common>
      </source>
      <source id="mixamorig_Neck-Interpolations">
        <Name_array id="mixamorig_Neck-Interpolations-array" count="32">
 LINEAR LINEAR LINEAR LINEAR LINEAR LINEAR LINEAR LINEAR LINEAR LINEAR LINEAR
LINEAR LINEAR LINEAR LINEAR LINEAR LINEAR LINEAR LINEAR LINEAR LINEAR LINEAR LINEAR
LINEAR LINEAR LINEAR LINEAR LINEAR LINEAR LINEAR LINEAR LINEAR</Name_array>
        <technique_common>
          <accessor source="#mixamorig_Neck-Interpolations-array" count="32">
            <param type="name"/>
          </accessor>
        </technique_common>
      </source>
      <sampler id="mixamorig_Neck-Matrix-animation-transform">
        <input semantic="INPUT" source="#mixamorig_Neck-Matrix-animation-input"/>
        <input semantic="OUTPUT" source="#mixamorig_Neck-Matrix-animation-output-transform"/>
        <input semantic="INTERPOLATION" source="#mixamorig_Neck-Interpolations"/>
      </sampler>
      <channel source="#mixamorig_Neck-Matrix-animation-transform" target="mixamorig_Neck/matrix"/>
    </animation>
    <animation id="mixamorig_Head-anim" name="mixamorig_Head">
      <source id="mixamorig_Head-Matrix-animation-input">
        <float_array id="mixamorig_Head-Matrix-animation-input-array" count="32">

0.000000 0.033333 0.066667 0.100000 0.133333 0.166667 0.200000 0.233333 0.266667 0.300000 0.333333 0.366667 0.400000 0.433333 0.466667 0.500000
0.533333 0.566667 0.600000 0.633333 0.666667 0.700000 0.733333 0.766667 0.800000 0.833333 0.866667 0.900000 0.933333 0.966667 1.000000 1.033333</float_array>
        <technique_common>
          <accessor source="#mixamorig_Head-Matrix-animation-input-array" count="32">
            <param name="TIME" type="float"/>
          </accessor>
        </technique_common>
      </source>
      <source id="mixamorig_Head-Matrix-animation-output-transform">
        <float_array id="mixamorig_Head-Matrix-animation-output-transform-array" count="512">

0.908088 0.155015 0.389034 -0.000000 -0.221849 0.965976 0.132938 7.472600 -0.355190 -0.207026 0.911581 1.897700 0.000000 0.000000 0.000000 1.000000
0.907390 0.144260 0.394756 0.000000 -0.209068 0.969725 0.126188 7.472600 -0.364601 -0.197033 0.910079 1.897700 0.000000 0.000000 0.000000 1.000000
0.907649 0.143092 0.394586 0.000000 -0.206015 0.970940 0.121789 7.472600 -0.365693 -0.191832 0.910752 1.897700 0.000000 0.000000 0.000000 1.000000
0.908988 0.147058 0.390018 0.000000 -0.208289 0.970749 0.119420 7.472600 -0.361048 -0.189788 0.913031 1.897700 0.000000 0.000000 0.000000 1.000000
0.913043 0.152051 0.378462 -0.000000 -0.212789 0.969202 0.123970 7.472600 -0.347957 -0.193723 0.917277 1.897700 0.000000 0.000000 0.000000 1.000000
0.920149 0.152073 0.360832 0.000000 -0.214154 0.966917 0.138601 7.472600 -0.327818 -0.204807 0.922274 1.897700 0.000000 0.000000 0.000000 1.000000
0.928826 0.146813 0.340189 -0.000000 -0.211491 0.963956 0.161432 7.472600 -0.304227 -0.221890 0.926397 1.897700 0.000000 0.000000 0.000000 1.000000
0.936317 0.143169 0.320644 0.000000 -0.210676 0.959551 0.186755 7.472600 -0.280936 -0.242414 0.928607 1.897700 0.000000 0.000000 0.000000 1.000000
0.939137 0.148541 0.309770 -0.000000 -0.219451 0.953134 0.208270 7.472600 -0.264315 -0.263573 0.927721 1.897700 0.000000 0.000000 0.000000 1.000000
0.933623 0.163421 0.318813 0.000000 -0.241167 0.944758 0.221968 7.472600 -0.264927 -0.284122 0.921460 1.897700 0.000000 0.000000 0.000000 1.000000
0.917247 0.181858 0.354381 0.000000 -0.273649 0.934199 0.228884 7.472600 -0.289438 -0.306919 0.906656 1.897700 0.000000 0.000000 0.000000 1.000000
0.891195 0.199980 0.407160 0.000000 -0.313739 0.920008 0.234846 7.472600 -0.327626 -0.337036 0.882648 1.897700 0.000000 0.000000 0.000000 1.000000
0.863730 0.223094 0.451884 0.000000 -0.359874 0.900757 0.243162 7.472600 -0.352790 -0.372648 0.858296 1.897700 0.000000 0.000000 0.000000 1.000000
0.841145 0.261152 0.473577 0.000000 -0.410017 0.878958 0.243556 7.472600 -0.352649 -0.399040 0.846407 1.897700 0.000000 0.000000 0.000000 1.000000
0.819932 0.314252 0.478494 0.000000 -0.458437 0.861050 0.220065 7.472600 -0.342851 -0.399798 0.850067 1.897700 0.000000 0.000000 0.000000 1.000000
0.800717 0.367234 0.473277 -0.000000 -0.495939 0.849522 0.179880 7.472600 -0.336001 -0.378750 0.862353 1.897700 0.000000 0.000000 0.000000 1.000000
0.778365 0.405037 0.479681 0.000000 -0.523879 0.840088 0.140723 7.472600 -0.345976 -0.360828 0.866085 1.897700 0.000000 0.000000 0.000000 1.000000
0.755184 0.424218 0.499736 0.000000 -0.544568 0.830367 0.118047 7.472600 -0.364887 -0.361288 0.858096 1.897700 0.000000 0.000000 0.000000 1.000000
0.742715 0.427438 0.515433 0.000000 -0.552521 0.826058 0.111125 7.472600 -0.378278 -0.367322 0.849694 1.897700 0.000000 0.000000 0.000000 1.000000
0.751462 0.418705 0.509892 -0.000000 -0.539364 0.834954 0.109263 7.472600 -0.379987 -0.357125 0.853271 1.897700 0.000000 0.000000 0.000000 1.000000
0.776867 0.401958 0.484672 0.000000 -0.506620 0.856110 0.102040 7.472600 -0.373916 -0.324816 0.868724 1.897700 0.000000 0.000000 0.000000 1.000000
0.804382 0.380392 0.456368 -0.000000 -0.465919 0.880511 0.087292 7.472600 -0.368632 -0.282846 0.885499 1.897700 0.000000 0.000000 0.000000 1.000000
0.826004 0.355540 0.437388 -0.000000 -0.427513 0.900888 0.075049 7.472600 -0.367355 -0.248980 0.896136 1.897700 0.000000 0.000000 0.000000 1.000000
0.844544 0.326360 0.424540 -0.000000 -0.394216 0.915490 0.080447 7.472600 -0.362407 -0.235301 0.901828 1.897700 0.000000 0.000000 0.000000 1.000000
0.865169 0.294647 0.405791 -0.000000 -0.365900 0.924247 0.109018 7.472600 -0.342929 -0.242798 0.907441 1.897700 0.000000 0.000000 0.000000 1.000000
