<?xml version="1.0" encoding="utf-8"?>
<COLLADA xmlns="http://www.collada.org/2005/11/COLLADASchema" version="1.4.1">
  <asset>
    <contributor>
      <author>Mixamo</author>
      <authoring_tool>COLLADA Mixamo exporter</authoring_tool>
      <comments/>
    </contributor>
    <created>2025-11-07T03:11:26Z</created>
    <modified>2025-11-07T03:11:26Z</modified>
    <revision/>
    <title/>
    <unit meter="0.010000"/>
    <up_axis>Y_UP</up_axis>
  </asset>
  <library_animations>
    <animation id="mixamorig_Hips-anim" name="mixamorig_Hips">
      <source id="mixamorig_Hips-Matrix-animation-input">
        <float_array id="mixamorig_Hips-Matrix-animation-input-array" count="23">

0.000000 0.033333 0.066667 0.100000 0.133333 0.166667 0.200000 0.233333 0.266667 0.300000 0.333333 0.366667 0.400000 0.433333 0.466667 0.500000
0.533333 0.566667 0.600000 0.633333 0.666667 0.700000 0.733333</float_array>
        <technique_common>
          <accessor source="#mixamorig_Hips-Matrix-animation-input-array" count="23">
            <param name="TIME" type="float"/>
          </accessor>
        </technique_common>
      </source>
      <source id="mixamorig_Hips-Matrix-animation-output-transform">
        <float_array id="mixamorig_Hips-Matrix-animation-output-transform-array" count="368">

0.995576 -0.074948 -0.056669 0.524422 0.052935 0.945686 -0.320744 95.006020 0.077630 0.316325 0.945469 0.499125 0.000000 0.000000 0.000000 1.000000
0.996375 -0.071843 -0.045565 0.255054 0.054341 0.949543 -0.308893 98.648987 0.065457 0.305297 0.950005 11.429893 0.000000 0.000000 0.000000 1.000000
0.994566 -0.102027 -0.020711 -0.008185 0.091564 0.951919 -0.292345 101.167984 0.049543 0.288860 0.956089 22.198248 0.000000 0.000000 0.000000 1.000000
0.989018 -0.146891 0.016308 -0.477341 0.145779 0.951424 -0.271185 103.142075 0.024319 0.270584 0.962389 33.280205 0.000000 0.000000 0.000000 1.000000
0.990254 -0.137532 0.021954 -1.094786 0.138029 0.948124 -0.286373 105.296013 0.018570 0.286613 0.957867 44.682297 0.000000 0.000000 0.000000 1.000000
0.998139 -0.060960 -0.001478 -1.690439 0.058092 0.957995 -0.280839 106.600136 0.018536 0.280230 0.959754 57.255013 0.000000 0.000000 0.000000 1.000000
0.999848 0.000844 -0.017433 -2.169643 -0.005131 0.968903 -0.247386 105.941803 0.016682 0.247438 0.968760 69.309708 0.000000 0.000000 0.000000 1.000000
0.999976 -0.001379 -0.006733 -2.715045 -0.000136 0.975498 -0.220008 104.553947 0.006872 0.220003 0.975475 80.161560 0.000000 0.000000 0.000000 1.000000
0.999978 -0.006304 -0.002102 -2.907674 0.005669 0.974339 -0.225016 101.389702 0.003467 0.224999 0.974353 91.145462 0.000000 0.000000 0.000000 1.000000
0.999880 -0.015463 0.001329 -2.968771 0.015293 0.967073 -0.254038 98.249481 0.002643 0.254028 0.967193 101.529320 0.000000 0.000000 0.000000 1.000000
0.999643 -0.026657 0.001705 -3.253308 0.026095 0.960931 -0.275556 96.067711 0.005707 0.275502 0.961283 111.941437 0.000000 0.000000 0.000000 1.000000
0.999587 -0.028625 -0.002670 -3.291154 0.026660 0.957688 -0.286572 95.538368 0.010760 0.286382 0.958055 123.496391 0.000000 0.000000 0.000000 1.000000
0.999638 -0.019262 -0.018762 -2.913573 0.013095 0.958153 -0.285958 96.567055 0.023485 0.285609 0.958058 136.758041 0.000000 0.000000 0.000000 1.000000
0.998666 0.040407 -0.032149 -2.451817 -0.047863 0.958014 -0.282697 97.491394 0.019376 0.283859 0.958670 150.625702 0.000000 0.000000 0.000000 1.000000
0.993818 0.106446 -0.031541 -2.126549 -0.111008 0.948454 -0.296836 98.288681 -0.001682 0.298502 0.954407 164.012054 0.000000 0.000000 0.000000 1.000000
0.992367 0.119522 -0.030357 -1.899293 -0.122996 0.941587 -0.313504 99.733612 -0.008887 0.314845 0.949101 177.554108 0.000000 0.000000 0.000000 1.000000
0.996052 0.082003 -0.034007 -1.635074 -0.088509 0.946919 -0.309047 101.205643 0.006859 0.310836 0.950439 191.120605 0.000000 0.000000 0.000000 1.000000
0.999209 0.030102 -0.026002 -0.868039 -0.036333 0.956772 -0.288560 99.497856 0.016192 0.289276 0.957109 204.190887 0.000000 0.000000 0.000000 1.000000
0.999067 -0.005668 -0.042806 -0.049281 -0.006539 0.960050 -0.279753 96.645279 0.042682 0.279772 0.959117 216.955948 0.000000 0.000000 0.000000 1.000000
0.997737 -0.036801 -0.056280 0.529538 0.018303 0.953976 -0.299323 92.730789 0.064705 0.297615 0.952491 228.805984 0.000000 0.000000 0.000000 1.000000
0.996714 -0.048344 -0.064998 0.954573 0.025077 0.947117 -0.319907 91.190575 0.077027 0.317225 0.945217 240.114807 0.000000 0.000000 0.000000 1.000000
0.995898 -0.065047 -0.062901 0.975828 0.041132 0.944614 -0.325597 91.897209 0.080596 0.321674 0.943414 252.026535 0.000000 0.000000 0.000000 1.000000
0.995576 -0.074948 -0.056669 0.525625 0.052935 0.945686 -0.320744 95.006027 0.077630 0.316325 0.945469 265.064575 0.000000 0.000000 0.000000 1.000000</float_array>
        <technique_common>
          <accessor source="#mixamorig_Hips-Matrix-animation-output-transform-array" count="23" stride="16">
            <param type="float4x4"/>
          </accessor>
        </technique_common>
      </source>
      <source id="mixamorig_Hips-Interpolations">
        <Name_array id="mixamorig_Hips-Interpolations-array" count="23">
 LINEAR LINEAR LINEAR LINEAR LINEAR LINEAR LINEAR LINEAR LINEAR LINEAR LINEAR
LINEAR LINEAR LINEAR LINEAR LINEAR LINEAR LINEAR LINEAR LINEAR LINEAR LINEAR LINEAR</Name_array>
        <technique_common>
          <accessor source="#mixamorig_Hips-Interpolations-array" count="23">
            <param type="name"/>
          </accessor>
        </technique_common>
      </source>
      <sampler id="mixamorig_Hips-Matrix-animation-transform">
        <input semantic="INPUT" source="#mixamorig_Hips-Matrix-animation-input"/>
        <input semantic="OUTPUT" source="#mixamorig_Hips-Matrix-animation-output-transform"/>
        <input semantic="INTERPOLATION" source="#mixamorig_Hips-Interpolations"/>
      </sampler>
      <channel source="#mixamorig_Hips-Matrix-animation-transform" target="mixamorig_Hips/matrix"/>
    </animation>
    <animation id="mixamorig_Spine-anim" name="mixamorig_Spine">
      <source id="mixamorig_Spine-Matrix-animation-input">
        <float_array id="mixamorig_Spine-Matrix-animation-input-array" count="23">

0.000000 0.033333 0.066667 0.100000 0.133333 0.166667 0.200000 0.233333 0.266667 0.300000 0.333333 0.366667 0.400000 0.433333 0.466667 0.500000
0.533333 0.566667 0.600000 0.633333 0.666667 0.700000 0.733333</float_array>
        <technique_common>
          <accessor source="#mixamorig_Spine-Matrix-animation-input-array" count="23">
            <param name="TIME" type="float"/>
          </accessor>
        </technique_common>
      </source>
      <source id="mixamorig_Spine-Matrix-animation-output-transform">
        <float_array id="mixamorig_Spine-Matrix-animation-output-transform-array" count="368">

0.998263 0.013278 0.057405 -0.000500 -0.009437 0.997731 -0.066666 10.964600 -0.058160 0.066009 0.996123 -0.062000 0.000000 0.000000 0.000000 1.000000
0.995804 0.013979 0.090436 -0.000500 -0.008370 0.998035 -0.062103 10.964600 -0.091126 0.061085 0.993964 -0.062000 0.000000 0.000000 0.000000 1.000000
0.993322 0.051028 0.103478 -0.000500 -0.044081 0.996687 -0.068345 10.964600 -0.106622 0.063327 0.992281 -0.062000 0.000000 0.000000 0.000000 1.000000
0.988098 0.110296 0.107229 -0.000500 -0.101880 0.991490 -0.081047 10.964600 -0.115255 0.069158 0.990926 -0.062000 0.000000 0.000000 0.000000 1.000000
0.985580 0.121109 0.118176 -0.000500 -0.113411 0.991090 -0.069845 10.964600 -0.125582 0.055435 0.990533 -0.062000 0.000000 0.000000 0.000000 1.000000
0.988818 0.061465 0.135868 -0.000500 -0.053711 0.996751 -0.060024 10.964600 -0.139116 0.052055 0.988907 -0.062000 0.000000 0.000000 0.000000 1.000000
0.990478 0.016514 0.136674 -0.000500 -0.007006 0.997539 -0.069761 10.964600 -0.137489 0.068139 0.988157 -0.062000 0.000000 0.000000 0.000000 1.000000
0.994395 0.035901 0.099443 -0.000500 -0.026825 0.995477 -0.091140 10.964600 -0.102265 0.087962 0.990861 -0.062000 0.000000 0.000000 0.000000 1.000000
0.996626 0.050109 0.065001 -0.000500 -0.044384 0.995244 -0.086713 10.964600 -0.069037 0.083536 0.994111 -0.062000 0.000000 0.000000 0.000000 1.000000
0.997031 0.065315 0.040788 -0.000500 -0.061859 0.994800 -0.080914 10.964600 -0.045860 0.078151 0.995886 -0.062000 0.000000 0.000000 0.000000 1.000000
0.996266 0.083724 0.021082 -0.000500 -0.081706 0.993184 -0.083125 10.964600 -0.027897 0.081092 0.996316 -0.062000 0.000000 0.000000 0.000000 1.000000
0.996131 0.087470 -0.008507 -0.000500 -0.087862 0.993333 -0.074627 10.964600 0.001923 0.075086 0.997175 -0.062000 0.000000 0.000000 0.000000 1.000000
0.996585 0.071382 -0.041511 -0.000500 -0.073884 0.995322 -0.062258 10.964600 0.036873 0.065113 0.997196 -0.062000 0.000000 0.000000 0.000000 1.000000
0.997266 -0.003357 -0.073823 -0.000500 -0.000787 0.998429 -0.056032 10.964600 0.073895 0.055937 0.995696 -0.062000 0.000000 0.000000 0.000000 1.000000
0.990211 -0.085811 -0.110081 -0.000500 0.080301 0.995331 -0.053554 10.964600 0.114163 0.044191 0.992479 -0.062000 0.000000 0.000000 0.000000 1.000000
0.985042 -0.113113 -0.129991 -0.000500 0.106586 0.992717 -0.056141 10.964600 0.135394 0.041446 0.989925 -0.062000 0.000000 0.000000 0.000000 1.000000
0.989061 -0.087266 -0.118925 -0.000500 0.080362 0.994856 -0.061668 10.964600 0.123694 0.051436 0.990986 -0.062000 0.000000 0.000000 0.000000 1.000000
0.991819 -0.058309 -0.113560 -0.000500 0.050990 0.996494 -0.066323 10.964600 0.117029 0.059990 0.991315 -0.062000 0.000000 0.000000 0.000000 1.000000
0.994957 -0.052749 -0.085311 -0.000500 0.046855 0.996469 -0.069676 10.964600 0.088685 0.065327 0.993915 -0.062000 0.000000 0.000000 0.000000 1.000000
0.997920 -0.036100 -0.053405 -0.000500 0.032679 0.997440 -0.063602 10.964600 0.055565 0.061725 0.996545 -0.062000 0.000000 0.000000 0.000000 1.000000
0.999300 -0.030236 -0.022014 -0.000500 0.028709 0.997364 -0.066642 10.964600 0.023970 0.065964 0.997534 -0.062000 0.000000 0.000000 0.000000 1.000000
0.999885 -0.008336 0.012682 -0.000500 0.009183 0.997620 -0.068330 10.964600 -0.012082 0.068439 0.997582 -0.062000 0.000000 0.000000 0.000000 1.000000
0.998263 0.013278 0.057405 -0.000500 -0.009437 0.997731 -0.066666 10.964600 -0.058160 0.066009 0.996123 -0.062000 0.000000 0.000000 0.000000 1.000000</float_array>
        <technique_common>
          <accessor source="#mixamorig_Spine-Matrix-animation-output-transform-array" count="23" stride="16">
            <param type="float4x4"/>
          </accessor>
        </technique_common>
      </source>
      <source id="mixamorig_Spine-Interpolations">
        <Name_array id="mixamorig_Spine-Interpolations-array" count="23">
 LINEAR LINEAR LINEAR LINEAR LINEAR LINEAR LINEAR LINEAR LINEAR LINEAR LINEAR
LINEAR LINEAR LINEAR LINEAR LINEAR LINEAR LINEAR LINEAR LINEAR LINEAR LINEAR LINEAR</Name_array>
        <technique_common>
          <accessor source="#mixamorig_Spine-Interpolations-array" count="23">
            <param type="name"/>
          </accessor>
        </technique_common>
      </source>
      <sampler id="mixamorig_Spine-Matrix-animation-transform">
        <input semantic="INPUT" source="#mixamorig_Spine-Matrix-animation-input"/>
        <input semantic="OUTPUT" source="#mixamorig_Spine-Matrix-animation-output-transform"/>
        <input semantic="INTERPOLATION" source="#mixamorig_Spine-Interpolations"/>
      </sampler>
      <channel source="#mixamorig_Spine-Matrix-animation-transform" target="mixamorig_Spine/matrix"/>
    </animation>
    <animation id="mixamorig_Spine1-anim" name="mixamorig_Spine1">
      <source id="mixamorig_Spine1-Matrix-animation-input">
        <float_array id="mixamorig_Spine1-Matrix-animation-input-array" count="23">

0.000000 0.033333 0.066667 0.100000 0.133333 0.166667 0.200000 0.233333 0.266667 0.300000 0.333333 0.366667 0.400000 0.433333 0.466667 0.500000
0.533333 0.566667 0.600000 0.633333 0.666667 0.700000 0.733333</float_array>
        <technique_common>
          <accessor source="#mixamorig_Spine1-Matrix-animation-input-array" count="23">
            <param name="TIME" type="float"/>
          </accessor>
        </technique_common>
      </source>
      <source id="mixamorig_Spine1-Matrix-animation-output-transform">
        <float_array id="mixamorig_Spine1-Matrix-animation-output-transform-array" count="368">

0.999028 -0.014381 0.041674 0.000600 0.014270 0.999894 0.002948 12.633800 -0.041712 -0.002350 0.999127 -0.357500 0.000000 0.000000 0.000000 1.000000
0.998324 -0.003237 0.057784 0.000600 0.002992 0.999986 0.004329 12.633800 -0.057798 -0.004149 0.998320 -0.357500 0.000000 0.000000 0.000000 1.000000
0.997934 0.004667 0.064073 0.000600 -0.004763 0.999988 0.001345 12.633800 -0.064066 -0.001648 0.997944 -0.357500 0.000000 0.000000 0.000000 1.000000
0.997926 0.013269 0.062987 0.000600 -0.013035 0.999907 -0.004121 12.633800 -0.063036 0.003292 0.998006 -0.357500 0.000000 0.000000 0.000000 1.000000
0.997941 0.018239 0.061487 0.000600 -0.018595 0.999814 0.005209 12.633800 -0.061381 -0.006341 0.998094 -0.357500 0.000000 0.000000 0.000000 1.000000
0.997849 0.014406 0.063945 0.000600 -0.015265 0.999799 0.012975 12.633800 -0.063745 -0.013923 0.997869 -0.357500 0.000000 0.000000 0.000000 1.000000
0.997935 0.010530 0.063360 0.000600 -0.010888 0.999927 0.005295 12.633800 -0.063300 -0.005974 0.997977 -0.357500 0.000000 0.000000 0.000000 1.000000
0.998365 0.014256 0.055361 0.000600 -0.013714 0.999854 -0.010171 12.633800 -0.055497 0.009395 0.998415 -0.357500 0.000000 0.000000 0.000000 1.000000
0.998879 0.020573 0.042625 0.000600 -0.020244 0.999762 -0.008130 12.633800 -0.042782 0.007258 0.999058 -0.357500 0.000000 0.000000 0.000000 1.000000
0.999130 0.026926 0.031849 0.000600 -0.026794 0.999631 -0.004559 12.633800 -0.031960 0.003702 0.999482 -0.357500 0.000000 0.000000 0.000000 1.000000
0.999304 0.029292 0.023087 0.000600 -0.029137 0.999551 -0.007000 12.633800 -0.023281 0.006323 0.999709 -0.357500 0.000000 0.000000 0.000000 1.000000
0.999698 0.022279 0.010376 0.000600 -0.022250 0.999748 -0.002891 12.633800 -0.010438 0.002659 0.999942 -0.357500 0.000000 0.000000 0.000000 1.000000
0.999965 0.006770 -0.004881 0.000600 -0.006750 0.999968 0.004252 12.633800 0.004910 -0.004219 0.999979 -0.357500 0.000000 0.000000 0.000000 1.000000
0.999723 -0.015146 -0.018022 0.000600 0.015293 0.999850 0.008071 12.633800 0.017897 -0.008344 0.999805 -0.357500 0.000000 0.000000 0.000000 1.000000
0.999044 -0.032460 -0.029278 0.000600 0.032790 0.999403 0.010878 12.633800 0.028907 -0.011828 0.999512 -0.357500 0.000000 0.000000 0.000000 1.000000
0.998516 -0.037950 -0.039066 0.000600 0.038424 0.999196 0.011443 12.633800 0.038601 -0.012927 0.999171 -0.357500 0.000000 0.000000 0.000000 1.000000
0.998637 -0.033515 -0.040005 0.000600 0.033835 0.999400 0.007355 12.633800 0.039734 -0.008699 0.999172 -0.357500 0.000000 0.000000 0.000000 1.000000
0.999159 -0.027124 -0.030753 0.000600 0.027277 0.999617 0.004571 12.633800 0.030617 -0.005406 0.999517 -0.357500 0.000000 0.000000 0.000000 1.000000
0.999476 -0.027539 -0.017027 0.000600 0.027611 0.999611 0.003989 12.633800 0.016910 -0.004457 0.999847 -0.357500 0.000000 0.000000 0.000000 1.000000
0.999392 -0.034765 -0.002716 0.000600 0.034785 0.999367 0.007477 12.633800 0.002454 -0.007567 0.999968 -0.357500 0.000000 0.000000 0.000000 1.000000
0.999196 -0.039673 0.005818 0.000600 0.039642 0.999200 0.005263 12.633800 -0.006022 -0.005028 0.999969 -0.357500 0.000000 0.000000 0.000000 1.000000
0.999330 -0.031077 0.019333 0.000600 0.031013 0.999512 0.003646 12.633800 -0.019437 -0.003043 0.999806 -0.357500 0.000000 0.000000 0.000000 1.000000
0.999028 -0.014381 0.041674 0.000600 0.014270 0.999894 0.002948 12.633800 -0.041712 -0.002350 0.999127 -0.357500 0.000000 0.000000 0.000000 1.000000</float_array>
        <technique_common>
          <accessor source="#mixamorig_Spine1-Matrix-animation-output-transform-array" count="23" stride="16">
            <param type="float4x4"/>
          </accessor>
        </technique_common>
      </source>
      <source id="mixamorig_Spine1-Interpolations">
        <Name_array id="mixamorig_Spine1-Interpolations-array" count="23">
 LINEAR LINEAR LINEAR LINEAR LINEAR LINEAR LINEAR LINEAR LINEAR LINEAR LINEAR
LINEAR LINEAR LINEAR LINEAR LINEAR LINEAR LINEAR LINEAR LINEAR LINEAR LINEAR LINEAR</Name_array>
        <technique_common>
          <accessor source="#mixamorig_Spine1-Interpolations-array" count="23">
            <param type="name"/>
          </accessor>
        </technique_common>
      </source>
      <sampler id="mixamorig_Spine1-Matrix-animation-transform">
        <input semantic="INPUT" source="#mixamorig_Spine1-Matrix-animation-input"/>
        <input semantic="OUTPUT" source="#mixamorig_Spine1-Matrix-animation-output-transform"/>
        <input semantic="INTERPOLATION" source="#mixamorig_Spine1-Interpolations"/>
      </sampler>
      <channel source="#mixamorig_Spine1-Matrix-animation-transform" target="mixamorig_Spine1/matrix"/>
    </animation>
    <animation id="mixamorig_Spine2-anim" name="mixamorig_Spine2">
      <source id="mixamorig_Spine2-Matrix-animation-input">
        <float_array id="mixamorig_Spine2-Matrix-animation-input-array" count="23">

0.000000 0.033333 0.066667 0.100000 0.133333 0.166667 0.200000 0.233333 0.266667 0.300000 0.333333 0.366667 0.400000 0.433333 0.466667 0.500000
0.533333 0.566667 0.600000 0.633333 0.666667 0.700000 0.733333</float_array>
        <technique_common>
          <accessor source="#mixamorig_Spine2-Matrix-animation-input-array" count="23">
            <param name="TIME" type="float"/>
          </accessor>
        </technique_common>
      </source>
      <source id="mixamorig_Spine2-Matrix-animation-output-transform">
        <float_array id="mixamorig_Spine2-Matrix-animation-output-transform-array" count="368">

0.998981 -0.013314 0.043120 0.000000 0.018171 0.993283 -0.114275 14.702400 -0.041309 0.114942 0.992513 0.000000 0.000000 0.000000 0.000000 1.000000
0.998266 -0.001460 0.058851 0.000000 0.008105 0.993581 -0.112831 14.702400 -0.058309 0.113112 0.991870 0.000000 0.000000 0.000000 0.000000 1.000000
0.997864 0.006495 0.065005 -0.000000 0.001073 0.993282 -0.115717 14.702400 -0.065320 0.115539 0.991153 0.000000 0.000000 0.000000 0.000000 1.000000
0.997866 0.014865 0.063587 0.000000 -0.007055 0.992586 -0.121338 14.702400 -0.064919 0.120630 0.990573 -0.000000 0.000000 0.000000 0.000000 1.000000
0.997898 0.020236 0.061567 0.000000 -0.013222 0.993590 -0.112269 14.702400 -0.063444 0.111219 0.991769 0.000000 0.000000 0.000000 0.000000 1.000000
0.997795 0.017370 0.064064 0.000000 -0.010605 0.994473 -0.104454 14.702400 -0.065524 0.103545 0.992464 0.000000 0.000000 0.000000 0.000000 1.000000
0.997868 0.013710 0.063812 0.000000 -0.006482 0.993672 -0.112132 14.702400 -0.064946 0.111480 0.991642 0.000000 0.000000 0.000000 0.000000 1.000000
0.998310 0.016592 0.055701 -0.000000 -0.009352 0.991755 -0.127804 14.702400 -0.057363 0.127067 0.990234 0.000000 0.000000 0.000000 0.000000 1.000000
0.998835 0.022327 0.042769 0.000000 -0.016781 0.991902 -0.125889 14.702400 -0.045234 0.125025 0.991122 0.000000 0.000000 0.000000 0.000000 1.000000
0.999090 0.028338 0.031889 0.000000 -0.024238 0.992193 -0.122334 14.702400 -0.035107 0.121450 0.991976 -0.000000 0.000000 0.000000 0.000000 1.000000
0.999273 0.030459 0.022941 0.000000 -0.027365 0.991800 -0.124839 14.702400 -0.026555 0.124120 0.991912 0.000000 0.000000 0.000000 0.000000 1.000000
0.999680 0.023108 0.010305 0.000000 -0.021695 0.992431 -0.120870 14.702400 -0.013020 0.120607 0.992615 0.000000 0.000000 0.000000 0.000000 1.000000
0.999966 0.007001 -0.004276 0.000000 -0.007443 0.993462 -0.113919 14.702400 0.003450 0.113947 0.993481 -0.000000 0.000000 0.000000 0.000000 1.000000
0.999749 -0.015516 -0.016148 0.000000 0.013643 0.993808 -0.110272 14.702400 0.017759 0.110024 0.993770 0.000000 0.000000 0.000000 0.000000 1.000000
0.999095 -0.033380 -0.026364 0.000000 0.030363 0.993736 -0.107551 14.702400 0.029788 0.106653 0.993850 -0.000000 0.000000 0.000000 0.000000 1.000000
0.998568 -0.039783 -0.035761 -0.000000 0.035762 0.993637 -0.106802 14.702400 0.039782 0.105371 0.993637 0.000000 0.000000 0.000000 0.000000 1.000000
0.998678 -0.035578 -0.037097 0.000000 0.031281 0.993373 -0.110595 14.702400 0.040786 0.109288 0.993173 0.000000 0.000000 0.000000 0.000000 1.000000
0.999195 -0.028525 -0.028214 0.000000 0.025156 0.993244 -0.113281 14.702400 0.031255 0.112480 0.993162 0.000000 0.000000 0.000000 0.000000 1.000000
0.999500 -0.028150 -0.014409 -0.000000 0.026332 0.993158 -0.113775 14.702400 0.017513 0.113338 0.993402 0.000000 0.000000 0.000000 0.000000 1.000000
0.999392 -0.034874 0.000213 0.000000 0.034685 0.993315 -0.110099 14.702400 0.003629 0.110040 0.993921 0.000000 0.000000 0.000000 0.000000 1.000000
0.999162 -0.039931 0.009038 0.000000 0.040693 0.992883 -0.111925 14.702400 -0.004505 0.112199 0.993676 0.000000 0.000000 0.000000 0.000000 1.000000
0.999279 -0.031002 0.021921 0.000000 0.033294 0.992991 -0.113402 14.702400 -0.018252 0.114050 0.993307 0.000000 0.000000 0.000000 0.000000 1.000000
0.998981 -0.013314 0.043120 -0.000000 0.018171 0.993283 -0.114275 14.702400 -0.041309 0.114942 0.992513 -0.000000 0.000000 0.000000 0.000000 1.000000</float_array>
        <technique_common>
          <accessor source="#mixamorig_Spine2-Matrix-animation-output-transform-array" count="23" stride="16">
            <param type="float4x4"/>
          </accessor>
        </technique_common>
      </source>
      <source id="mixamorig_Spine2-Interpolations">
        <Name_array id="mixamorig_Spine2-Interpolations-array" count="23">
 LINEAR LINEAR LINEAR LINEAR LINEAR LINEAR LINEAR LINEAR LINEAR LINEAR LINEAR
LINEAR LINEAR LINEAR LINEAR LINEAR LINEAR LINEAR LINEAR LINEAR LINEAR LINEAR LINEAR</Name_array>
        <technique_common>
          <accessor source="#mixamorig_Spine2-Interpolations-array" count="23">
            <param type="name"/>
          </accessor>
        </technique_common>
      </source>
      <sampler id="mixamorig_Spine2-Matrix-animation-transform">
        <input semantic="INPUT" source="#mixamorig_Spine2-Matrix-animation-input"/>
        <input semantic="OUTPUT" source="#mixamorig_Spine2-Matrix-animation-output-transform"/>
        <input semantic="INTERPOLATION" source="#mixamorig_Spine2-Interpolations"/>
      </sampler>
      <channel source="#mixamorig_Spine2-Matrix-animation-transform" target="mixamorig_Spine2/matrix"/>
    </animation>
    <animation id="mixamorig_Neck-anim" name="mixamorig_Neck">
      <source id="mixamorig_Neck-Matrix-animation-input">
        <float_array id="mixamorig_Neck-Matrix-animation-input-array" count="23">

0.000000 0.033333 0.066667 0.100000 0.133333 0.166667 0.200000 0.233333 0.266667 0.300000 0.333333 0.366667 0.400000 0.433333 0.466667 0.500000
0.533333 0.566667 0.600000 0.633333 0.666667 0.700000 0.733333</float_array>
        <technique_common>
          <accessor source="#mixamorig_Neck-Matrix-animation-input-array" count="23">
            <param name="TIME" type="float"/>
          </accessor>
        </technique_common>
      </source>
      <source id="mixamorig_Neck-Matrix-animation-output-transform">
        <float_array id="mixamorig_Neck-Matrix-animation-output-transform-array" count="368">

0.999713 -0.023547 -0.004423 -0.027900 0.023912 0.992118 0.123002 16.208700 0.001492 -0.123073 0.992397 -4.987700 0.000000 0.000000 0.000000 1.000000
0.999717 -0.020046 -0.012789 -0.027900 0.021318 0.993854 0.108629 16.208700 0.010533 -0.108871 0.994000 -4.987700 0.000000 0.000000 0.000000 1.000000
0.999686 -0.015163 -0.019963 -0.027900 0.017026 0.995168 0.096699 16.208700 0.018401 -0.097008 0.995113 -4.987700 0.000000 0.000000 0.000000 1.000000
0.999667 -0.002682 -0.025650 -0.027900 0.004709 0.996840 0.079294 16.208700 0.025357 -0.079389 0.996521 -4.987700 0.000000 0.000000 0.000000 1.000000
0.999611 0.003438 -0.027695 -0.027900 -0.001430 0.997389 0.072206 16.208700 0.027870 -0.072138 0.997005 -4.987700 0.000000 0.000000 0.000000 1.000000
0.999559 -0.001679 -0.029657 -0.027900 0.003942 0.997069 0.076402 16.208700 0.029442 -0.076486 0.996636 -4.987700 0.000000 0.000000 0.000000 1.000000
0.999545 -0.008272 -0.029022 -0.027900 0.010293 0.997482 0.070173 16.208700 0.028369 -0.070440 0.997113 -4.987700 0.000000 0.000000 0.000000 1.000000
0.999603 -0.014038 -0.024413 -0.027900 0.015230 0.998666 0.049342 16.208700 0.023688 -0.049694 0.998484 -4.987700 0.000000 0.000000 0.000000 1.000000
0.999299 -0.030033 -0.022346 -0.027900 0.030857 0.998821 0.037482 16.208700 0.021194 -0.038145 0.999047 -4.987700 0.000000 0.000000 0.000000 1.000000
0.998400 -0.050032 -0.026367 -0.027900 0.051370 0.997284 0.052787 16.208700 0.023654 -0.054057 0.998258 -4.987700 0.000000 0.000000 0.000000 1.000000
0.997981 -0.056581 -0.028868 -0.027900 0.058502 0.995781 0.070690 16.208700 0.024746 -0.072236 0.997081 -4.987700 0.000000 0.000000 0.000000 1.000000
0.998120 -0.056344 -0.024139 -0.027900 0.057992 0.995563 0.074098 16.208700 0.019857 -0.075359 0.996959 -4.987700 0.000000 0.000000 0.000000 1.000000
0.998251 -0.056986 -0.015758 -0.027900 0.057972 0.995756 0.071473 16.208700 0.011618 -0.072261 0.997318 -4.987700 0.000000 0.000000 0.000000 1.000000
0.998450 -0.055165 -0.007427 -0.027900 0.055542 0.996166 0.067593 16.208700 0.003670 -0.067901 0.997685 -4.987700 0.000000 0.000000 0.000000 1.000000
0.998156 -0.060659 -0.002370 -0.027900 0.060663 0.995220 0.076539 16.208700 -0.002284 -0.076541 0.997064 -4.987700 0.000000 0.000000 0.000000 1.000000
0.997082 -0.076292 -0.002708 -0.027900 0.076201 0.992493 0.095660 16.208700 -0.004610 -0.095587 0.995410 -4.987700 0.000000 0.000000 0.000000 1.000000
0.996450 -0.084002 -0.005562 -0.027900 0.084130 0.991204 0.102158 16.208700 -0.003069 -0.102263 0.994753 -4.987700 0.000000 0.000000 0.000000 1.000000
0.997431 -0.071572 -0.002982 -0.027900 0.071523 0.992712 0.096990 16.208700 -0.003981 -0.096954 0.995281 -4.987700 0.000000 0.000000 0.000000 1.000000
0.998799 -0.048951 0.001954 -0.027900 0.048523 0.993988 0.098148 16.208700 -0.006746 -0.097935 0.995170 -4.987700 0.000000 0.000000 0.000000 1.000000
0.999427 -0.033720 0.003080 -0.027900 0.033122 0.992478 0.117859 16.208700 -0.007031 -0.117690 0.993026 -4.987700 0.000000 0.000000 0.000000 1.000000
0.999551 -0.029666 0.004117 -0.027900 0.028812 0.989968 0.138322 16.208700 -0.008179 -0.138141 0.990379 -4.987700 0.000000 0.000000 0.000000 1.000000
0.999613 -0.027685 0.002884 -0.027900 0.027023 0.990066 0.137985 16.208700 -0.006675 -0.137853 0.990430 -4.987700 0.000000 0.000000 0.000000 1.000000
0.999713 -0.023547 -0.004423 -0.027900 0.023912 0.992118 0.123002 16.208700 0.001492 -0.123073 0.992397 -4.987700 0.000000 0.000000 0.000000 1.000000</float_array>
        <technique_common>
          <accessor source="#mixamorig_Neck-Matrix-animation-output-transform-array" count="23" stride="16">
            <param type="float4x4"/>
          </accessor>
        </technique_common>
      </source>
      <source id="mixamorig_Neck-Interpolations">
        <Name_array id="mixamorig_Neck-Interpolations-array" count="23">
 LINEAR LINEAR LINEAR LINEAR LINEAR LINEAR LINEAR LINEAR LINEAR LINEAR LINEAR
LINEAR LINEAR LINEAR LINEAR LINEAR LINEAR LINEAR LINEAR LINEAR LINEAR LINEAR LINEAR</Name_array>
        <technique_common>
          <accessor source="#mixamorig_Neck-Interpolations-array" count="23">
            <param type="name"/>
          </accessor>
        </technique_common>
      </source>
      <sampler id="mixamorig_Neck-Matrix-animation-transform">
        <input semantic="INPUT" source="#mixamorig_Neck-Matrix-animation-input"/>
        <input semantic="OUTPUT" source="#mixamorig_Neck-Matrix-animation-output-transform"/>
        <input semantic="INTERPOLATION" source="#mixamorig_Neck-Interpolations"/>
      </sampler>
      <channel source="#mixamorig_Neck-Matrix-animation-transform" target="mixamorig_Neck/matrix"/>
    </animation>
    <animation id="mixamorig_Head-anim" name="mixamorig_Head">
      <source id="mixamorig_Head-Matrix-animation-input">
        <float_array id="mixamorig_Head-Matrix-animation-input-array" count="23">

0.000000 0.033333 0.066667 0.100000 0.133333 0.166667 0.200000 0.233333 0.266667 0.300000 0.333333 0.366667 0.400000 0.433333 0.466667 0.500000
0.533333 0.566667 0.600000 0.633333 0.666667 0.700000 0.733333</float_array>
        <technique_common>
          <accessor source="#mixamorig_Head-Matrix-animation-input-array" count="23">
            <param name="TIME" type="float"/>
          </accessor>
        </technique_common>
      </source>
      <source id="mixamorig_Head-Matrix-animation-output-transform">
        <float_array id="mixamorig_Head-Matrix-animation-output-transform-array" count="368">

0.997705 0.057973 0.034971 -0.000000 -0.063250 0.982359 0.175986 7.472600 -0.024152 -0.177794 0.983771 1.897700 0.000000 0.000000 0.000000 1.000000
0.999338 0.031962 -0.017388 0.000000 -0.028953 0.987955 0.152012 7.472600 0.022037 -0.151408 0.988226 1.897700 0.000000 0.000000 0.000000 1.000000
0.997851 0.013823 -0.064048 -0.000000 -0.005728 0.992155 0.124884 7.472600 0.065272 -0.124249 0.990102 1.897700 0.000000 0.000000 0.000000 1.000000
0.992930 -0.012052 -0.118086 0.000000 0.023918 0.994741 0.099592 7.472600 0.116264 -0.101712 0.987997 1.897700 0.000000 0.000000 0.000000 1.000000
0.989337 -0.029735 -0.142575 0.000000 0.044181 0.994081 0.099251 7.472600 0.138780 -0.104492 0.984795 1.897700 0.000000 0.000000 0.000000 1.000000
0.989177 -0.028458 -0.143938 0.000000 0.044816 0.992729 0.111719 7.472600 0.139712 -0.116961 0.983260 1.897700 0.000000 0.000000 0.000000 1.000000
0.991037 -0.025804 -0.131075 -0.000000 0.041595 0.991998 0.119204 7.472600 0.126951 -0.123588 0.984180 1.897700 0.000000 0.000000 0.000000 1.000000
0.993739 -0.035839 -0.105824 -0.000000 0.049434 0.990440 0.128782 7.472600 0.100197 -0.133207 0.986010 1.897700 0.000000 0.000000 0.000000 1.000000
0.995730 -0.048203 -0.078724 0.000000 0.059418 0.987353 0.146982 7.472600 0.070643 -0.151032 0.986002 1.897700 0.000000 0.000000 0.000000 1.000000
0.996582 -0.048381 -0.066954 0.000000 0.058710 0.985029 0.162086 7.472600 0.058110 -0.165463 0.984503 1.897700 0.000000 0.000000 0.000000 1.000000
0.996654 -0.049570 -0.064995 0.000000 0.059586 0.984899 0.162555 7.472600 0.055956 -0.165884 0.984557 1.897700 0.000000 0.000000 0.000000 1.000000
0.998029 -0.048836 -0.039411 0.000000 0.054290 0.986907 0.151879 7.472600 0.031478 -0.153719 0.987613 1.897700 0.000000 0.000000 0.000000 1.000000
0.999749 -0.018685 0.012369 0.000000 0.016848 0.990723 0.134852 7.472600 -0.014774 -0.134610 0.990789 1.897700 0.000000 0.000000 0.000000 1.000000
0.997699 0.025223 0.062932 0.000000 -0.032056 0.993408 0.110056 7.472600 -0.059742 -0.111820 0.991931 1.897700 0.000000 0.000000 0.000000 1.000000
0.992192 0.062766 0.107773 0.000000 -0.072145 0.993726 0.085460 7.472600 -0.101733 -0.092568 0.990496 1.897700 0.000000 0.000000 0.000000 1.000000
0.985789 0.091777 0.140698 0.000000 -0.103723 0.991379 0.080054 7.472600 -0.132138 -0.093510 0.986811 1.897700 0.000000 0.000000 0.000000 1.000000
0.984574 0.101427 0.142574 -0.000000 -0.115242 0.989048 0.092218 7.472600 -0.131660 -0.107226 0.985479 1.897700 0.000000 0.000000 0.000000 1.000000
0.987079 0.092449 0.130876 0.000000 -0.107824 0.987412 0.115725 7.472600 -0.118530 -0.128341 0.984621 1.897700 0.000000 0.000000 0.000000 1.000000
0.990030 0.082560 0.114124 0.000000 -0.098392 0.985123 0.140894 7.472600 -0.100794 -0.150718 0.983425 1.897700 0.000000 0.000000 0.000000 1.000000
0.990978 0.092870 0.096634 0.000000 -0.107087 0.982216 0.154219 7.472600 -0.080593 -0.163175 0.983300 1.897700 0.000000 0.000000 0.000000 1.000000
0.989389 0.107671 0.097550 0.000000 -0.122584 0.979033 0.162688 7.472600 -0.077988 -0.172919 0.981844 1.897700 0.000000 0.000000 0.000000 1.000000
0.991800 0.094955 0.085533 0.000000 -0.108812 0.978447 0.175504 7.472600 -0.067024 -0.183372 0.980756 1.897700 0.000000 0.000000 0.000000 1.000000
0.997705 0.057973 0.034971 0.000000 -0.063250 0.982359 0.175986 7.472600 -0.024152 -0.177794 0.983771 1.897700 0.000000 0.000000 0.000000 1.000000</float_array>
        <technique_common>
          <accessor source="#mixamorig_Head-Matrix-animation-output-transform-array" count="23" stride="16">
            <param type="float4x4"/>
          </accessor>
        </technique_common>
      </source>
      <source id="mixamorig_Head-Interpolations">
        <Name_array id="mixamorig_Head-Interpolations-array" count="23">
 LINEAR LINEAR LINEAR LINEAR LINEAR LINEAR LINEAR LINEAR LINEAR LINEAR LINEAR
LINEAR LINEAR LINEAR LINEAR LINEAR LINEAR LINEAR LINEAR LINEAR LINEAR LINEAR LINEAR</Name_array>
        <technique_common>
          <accessor source="#mixamorig_Head-Interpolations-array" count="23">
            <param type="name"/>
          </accessor>
        </technique_common>
      </source>
      <sampler id="mixamorig_Head-Matrix-animation-transform">
        <input semantic="INPUT" source="#mixamorig_Head-Matrix-animation-input"/>
        <input semantic="OUTPUT" source="#mixamorig_Head-Matrix-animation-output-transform"/>
        <input semantic="INTERPOLATION" source="#mixamorig_Head-Interpolations"/>
      </sampler>
      <channel source="#mixamorig_Head-Matrix-animation-transform" target="mixamorig_Head/matrix"/>
    </animation>
    <animation id="mixamorig_LeftShoulder-anim" name="mixamorig_LeftShoulder">
      <source id="mixamorig_LeftShoulder-Matrix-animation-input">
        <float_array id="mixamorig_LeftShoulder-Matrix-animation-input-array" count="23">

0.000000 0.033333 0.066667 0.100000 0.133333 0.166667 0.200000 0.233333 0.266667 0.300000 0.333333 0.366667 0.400000 0.433333 0.466667 0.500000
0.533333 0.566667 0.600000 0.633333 0.666667 0.700000 0.733333</float_array>
        <technique_common>
          <accessor source="#mixamorig_LeftShoulder-Matrix-animation-input-array" count="23">
            <param name="TIME" type="float"/>
          </accessor>
        </technique_common>
      </source>
      <source id="mixamorig_LeftShoulder-Matrix-animation-output-transform">
        <float_array id="mixamorig_LeftShoulder-Matrix-animation-output-transform-array" count="368">

0.172516 0.880356 -0.441827 5.531300 0.008281 -0.449832 -0.893075 13.640400 -0.984972 0.150411 -0.084894 -4.996300 0.000000 0.000000 0.000000 1.000000
0.140274 0.891075 -0.431634 5.531300 0.010001 -0.437198 -0.899310 13.640400 -0.990062 0.121833 -0.070239 -4.996300 0.000000 0.000000 0.000000 1.000000
0.121482 0.897323 -0.424328 5.531300 0.010978 -0.428683 -0.903388 13.640400 -0.992533 0.105087 -0.061928 -4.996300 0.000000 0.000000 0.000000 1.000000
0.098580 0.906165 -0.411275 5.531300 0.012502 -0.414383 -0.910017 13.640400 -0.995051 0.084568 -0.052179 -4.996300 0.000000 0.000000 0.000000 1.000000
0.070209 0.911221 -0.405889 5.531300 0.013548 -0.407727 -0.913003 13.640400 -0.997440 0.058602 -0.040971 -4.996300 0.000000 0.000000 0.000000 1.000000
0.041295 0.904099 -0.425324 5.531300 0.013958 -0.426168 -0.904536 13.640400 -0.999049 0.031416 -0.030218 -4.996300 0.000000 0.000000 0.000000 1.000000
0.036958 0.888386 -0.457608 5.531300 0.014303 -0.458344 -0.888660 13.640400 -0.999214 0.026298 -0.029646 -4.996300 0.000000 0.000000 0.000000 1.000000
0.052159 0.874314 -0.482550 5.531300 0.013252 -0.483771 -0.875094 13.640400 -0.998551 0.039249 -0.036819 -4.996300 0.000000 0.000000 0.000000 1.000000
0.070944 0.861435 -0.502888 5.531300 0.011580 -0.504836 -0.863138 13.640400 -0.997413 0.055411 -0.045791 -4.996300 0.000000 0.000000 0.000000 1.000000
0.100079 0.841996 -0.530120 5.531300 0.008601 -0.533507 -0.845752 13.640400 -0.994942 0.080083 -0.060635 -4.996300 0.000000 0.000000 0.000000 1.000000
0.140623 0.832923 -0.535223 5.531300 0.005229 -0.541213 -0.840870 13.640400 -0.990049 0.115447 -0.080463 -4.996300 0.000000 0.000000 0.000000 1.000000
0.170215 0.849063 -0.500119 5.531300 0.005521 -0.508340 -0.861139 13.640400 -0.985391 0.143818 -0.091214 -4.996300 0.000000 0.000000 0.000000 1.000000
0.191677 0.867493 -0.459038 5.531300 0.007506 -0.468992 -0.883170 13.640400 -0.981429 0.165838 -0.096406 -4.996300 0.000000 0.000000 0.000000 1.000000
0.200572 0.874982 -0.440656 5.531300 0.008588 -0.451349 -0.892306 13.640400 -0.979641 0.175187 -0.098042 -4.996300 0.000000 0.000000 0.000000 1.000000
0.187121 0.886214 -0.423804 5.531300 0.010347 -0.433178 -0.901249 13.640400 -0.982282 0.164258 -0.090226 -4.996300 0.000000 0.000000 0.000000 1.000000
0.189343 0.895482 -0.402817 5.531300 0.011437 -0.412221 -0.911012 13.640400 -0.981844 0.167887 -0.088293 -4.996300 0.000000 0.000000 0.000000 1.000000
0.226333 0.890067 -0.395668 5.531300 0.011694 -0.408663 -0.912610 13.640400 -0.973980 0.201927 -0.102903 -4.996300 0.000000 0.000000 0.000000 1.000000
0.244079 0.882770 -0.401426 5.531300 0.011890 -0.416639 -0.908994 13.640400 -0.969683 0.217093 -0.112189 -4.996300 0.000000 0.000000 0.000000 1.000000
0.240731 0.876786 -0.416287 5.531300 0.010417 -0.431210 -0.902192 13.640400 -0.970536 0.212849 -0.112940 -4.996300 0.000000 0.000000 0.000000 1.000000
0.246004 0.865054 -0.437223 5.531300 0.007063 -0.452673 -0.891648 13.640400 -0.969243 0.216262 -0.117469 -4.996300 0.000000 0.000000 0.000000 1.000000
0.250020 0.856005 -0.452487 5.531300 0.003892 -0.468214 -0.883606 13.640400 -0.968233 0.219158 -0.120394 -4.996300 0.000000 0.000000 0.000000 1.000000
0.222374 0.862102 -0.455334 5.531300 0.004665 -0.467964 -0.883735 13.640400 -0.974950 0.194395 -0.108085 -4.996300 0.000000 0.000000 0.000000 1.000000
0.172516 0.880357 -0.441826 5.531300 0.008281 -0.449832 -0.893075 13.640400 -0.984972 0.150411 -0.084893 -4.996300 0.000000 0.000000 0.000000 1.000000</float_array>
        <technique_common>
          <accessor source="#mixamorig_LeftShoulder-Matrix-animation-output-transform-array" count="23" stride="16">
            <param type="float4x4"/>
          </accessor>
        </technique_common>
      </source>
      <source id="mixamorig_LeftShoulder-Interpolations">
        <Name_array id="mixamorig_LeftShoulder-Interpolations-array" count="23">
 LINEAR LINEAR LINEAR LINEAR LINEAR LINEAR LINEAR LINEAR LINEAR LINEAR LINEAR
LINEAR LINEAR LINEAR LINEAR LINEAR LINEAR LINEAR LINEAR LINEAR LINEAR LINEAR LINEAR</Name_array>
        <technique_common>
          <accessor source="#mixamorig_LeftShoulder-Interpolations-array" count="23">
            <param type="name"/>
          </accessor>
        </technique_common>
      </source>
      <sampler id="mixamorig_LeftShoulder-Matrix-animation-transform">
        <input semantic="INPUT" source="#mixamorig_LeftShoulder-Matrix-animation-input"/>
        <input semantic="OUTPUT" source="#mixamorig_LeftShoulder-Matrix-animation-output-transform"/>
        <input semantic="INTERPOLATION" source="#mixamorig_LeftShoulder-Interpolations"/>
      </sampler>
      <channel source="#mixamorig_LeftShoulder-Matrix-animation-transform" target="mixamorig_LeftShoulder/matrix"/>
    </animation>
    <animation id="mixamorig_LeftArm-anim" name="mixamorig_LeftArm">
      <source id="mixamorig_LeftArm-Matrix-animation-input">
        <float_array id="mixamorig_LeftArm-Matrix-animation-input-array" count="23">

0.000000 0.033333 0.066667 0.100000 0.133333 0.166667 0.200000 0.233333 0.266667 0.300000 0.333333 0.366667 0.400000 0.433333 0.466667 0.500000
0.533333 0.566667 0.600000 0.633333 0.666667 0.700000 0.733333</float_array>
        <technique_common>
          <accessor source="#mixamorig_LeftArm-Matrix-animation-input-array" count="23">
            <param name="TIME" type="float"/>
          </accessor>
        </technique_common>
      </source>
      <source id="mixamorig_LeftArm-Matrix-animation-output-transform">
        <float_array id="mixamorig_LeftArm-Matrix-animation-output-transform-array" count="368">

0.916763 0.084002 0.390499 -0.000000 0.172737 0.798113 -0.577215 12.247500 -0.360149 0.596623 0.717170 0.000000 0.000000 0.000000 0.000000 1.000000
