<?xml version="1.0" encoding="utf-8"?>
<COLLADA xmlns="http://www.collada.org/2005/11/COLLADASchema" version="1.4.1">
  <asset>
    <contributor>
      <author>Mixamo</author>
      <authoring_tool>COLLADA Mixamo exporter</authoring_tool>
      <comments/>
    </contributor>
    <created>2025-11-07T03:11:13Z</created>
    <modified>2025-11-07T03:11:13Z</modified>
    <revision/>
    <title/>
    <unit meter="0.010000"/>
    <up_axis>Y_UP</up_axis>
  </asset>
  <library_animations>
    <animation id="mixamorig_Hips-anim" name="mixamorig_Hips">
      <source id="mixamorig_Hips-Matrix-animation-input">
        <float_array id="mixamorig_Hips-Matrix-animation-input-array" count="30">

0.000000 0.033333 0.066667 0.100000 0.133333 0.166667 0.200000 0.233333 0.266667 0.300000 0.333333 0.366667 0.400000 0.433333 0.466667 0.500000
0.533333 0.566667 0.600000 0.633333 0.666667 0.700000 0.733333 0.766667 0.800000 0.833333 0.866667 0.900000 0.933333 0.966667</float_array>
        <technique_common>
          <accessor source="#mixamorig_Hips-Matrix-animation-input-array" count="30">
            <param name="TIME" type="float"/>
          </accessor>
        </technique_common>
      </source>
      <source id="mixamorig_Hips-Matrix-animation-output-transform">
        <float_array id="mixamorig_Hips-Matrix-animation-output-transform-array" count="480">

0.982049 0.071756 0.174446 0.766356 -0.073718 0.997268 0.004785 111.321754 -0.173626 -0.017559 0.984655 0.632651 0.000000 0.000000 0.000000 1.000000
0.987533 0.055910 0.147147 1.043625 -0.055207 0.998436 -0.008856 111.612610 -0.147412 0.000622 0.989075 6.947473 0.000000 0.000000 0.000000 1.000000
0.993692 0.037790 0.105583 1.387237 -0.035422 0.999079 -0.024217 111.261093 -0.106401 0.020324 0.994116 13.287347 0.000000 0.000000 0.000000 1.000000
0.998259 0.015130 0.057014 1.764795 -0.012993 0.999206 -0.037672 110.555367 -0.057538 0.036866 0.997662 19.771227 0.000000 0.000000 0.000000 1.000000
0.999946 -0.002190 0.010184 2.109883 0.002640 0.999010 -0.044402 109.686966 -0.010076 0.044426 0.998962 26.496758 0.000000 0.000000 0.000000 1.000000
0.999571 -0.005164 -0.028816 2.404005 0.003921 0.999066 -0.043029 108.667053 0.029011 0.042897 0.998658 33.479279 0.000000 0.000000 0.000000 1.000000
0.998148 -0.003211 -0.060739 2.840547 0.000689 0.999138 -0.041503 107.223763 0.060820 0.041384 0.997290 40.695030 0.000000 0.000000 0.000000 1.000000
0.996833 -0.009366 -0.078965 3.243283 0.006070 0.999105 -0.041868 105.984772 0.079287 0.041256 0.995998 47.589622 0.000000 0.000000 0.000000 1.000000
0.996451 -0.028769 -0.079107 3.684472 0.026000 0.999020 -0.035815 106.142357 0.080060 0.033632 0.996223 54.376740 0.000000 0.000000 0.000000 1.000000
0.996117 -0.043128 -0.076749 4.129196 0.041551 0.998894 -0.022025 106.472008 0.077614 0.018750 0.996807 61.572914 0.000000 0.000000 0.000000 1.000000
0.995310 -0.063265 -0.073180 4.759889 0.062499 0.997964 -0.012709 106.974884 0.073835 0.008076 0.997238 68.629486 0.000000 0.000000 0.000000 1.000000
0.994715 -0.083212 -0.060146 5.449913 0.083087 0.996532 -0.004581 107.913544 0.060318 -0.000440 0.998179 75.378906 0.000000 0.000000 0.000000 1.000000
0.993427 -0.102270 -0.051410 5.951435 0.102453 0.994737 0.000923 108.810776 0.051045 -0.006184 0.998677 81.521355 0.000000 0.000000 0.000000 1.000000
0.992541 -0.109765 -0.053051 6.199960 0.110022 0.993927 0.001942 109.895737 0.052516 -0.007765 0.998590 87.499794 0.000000 0.000000 0.000000 1.000000
0.992727 -0.105322 -0.058308 6.161047 0.105614 0.994405 0.001937 110.911034 0.057777 -0.008081 0.998297 93.455475 0.000000 0.000000 0.000000 1.000000
0.994209 -0.096735 -0.046800 5.973503 0.096582 0.995310 -0.005514 111.358376 0.047114 0.000962 0.998889 99.442787 0.000000 0.000000 0.000000 1.000000
0.996612 -0.079805 -0.019883 5.667647 0.079528 0.996729 -0.014339 111.530365 0.020962 0.012709 0.999699 105.655243 0.000000 0.000000 0.000000 1.000000
0.998445 -0.053903 0.014193 5.181603 0.054174 0.998341 -0.019486 111.458176 -0.013119 0.020225 0.999709 112.023010 0.000000 0.000000 0.000000 1.000000
0.998347 -0.033904 0.046410 4.741122 0.034820 0.999212 -0.019072 110.899902 -0.045727 0.020657 0.998740 118.602112 0.000000 0.000000 0.000000 1.000000
0.996415 -0.027877 0.079879 4.300003 0.028946 0.999506 -0.012249 109.729202 -0.079498 0.014517 0.996729 125.519814 0.000000 0.000000 0.000000 1.000000
0.993004 -0.026832 0.114994 3.908483 0.028106 0.999560 -0.009475 107.723320 -0.114690 0.012641 0.993321 132.198517 0.000000 0.000000 0.000000 1.000000
0.989781 -0.022007 0.140888 3.529993 0.022688 0.999737 -0.003224 106.485825 -0.140780 0.006388 0.990020 138.778244 0.000000 0.000000 0.000000 1.000000
0.988794 -0.009967 0.148956 3.125880 0.009601 0.999949 0.003180 106.234528 -0.148980 -0.001714 0.988839 145.339737 0.000000 0.000000 0.000000 1.000000
0.988398 0.002072 0.151870 2.615486 -0.003371 0.999960 0.008301 106.547318 -0.151847 -0.008716 0.988366 152.050110 0.000000 0.000000 0.000000 1.000000
0.988042 0.019184 0.152985 2.029696 -0.021295 0.999699 0.012173 106.850937 -0.152706 -0.015286 0.988153 158.859726 0.000000 0.000000 0.000000 1.000000
0.988274 0.038410 0.147782 1.428695 -0.040408 0.999128 0.010539 107.275101 -0.147248 -0.016387 0.988964 165.304840 0.000000 0.000000 0.000000 1.000000
0.987658 0.059840 0.144741 0.974335 -0.061272 0.998106 0.005450 107.956078 -0.144141 -0.014251 0.989455 171.085464 0.000000 0.000000 0.000000 1.000000
0.985466 0.076684 0.151580 0.692690 -0.077728 0.996974 0.000970 109.324142 -0.151047 -0.012738 0.988445 176.588150 0.000000 0.000000 0.000000 1.000000
0.982021 0.080776 0.170616 0.625710 -0.082192 0.996616 0.001242 110.568817 -0.169939 -0.015242 0.985337 181.976547 0.000000 0.000000 0.000000 1.000000
0.982049 0.071756 0.174446 0.766357 -0.073718 0.997268 0.004785 111.321739 -0.173626 -0.017559 0.984655 187.430893 0.000000 0.000000 0.000000 1.000000</float_array>
        <technique_common>
          <accessor source="#mixamorig_Hips-Matrix-animation-output-transform-array" count="30" stride="16">
            <param type="float4x4"/>
          </accessor>
        </technique_common>
      </source>
      <source id="mixamorig_Hips-Interpolations">
        <Name_array id="mixamorig_Hips-Interpolations-array" count="30">
 LINEAR LINEAR LINEAR LINEAR LINEAR LINEAR LINEAR LINEAR LINEAR LINEAR LINEAR
LINEAR LINEAR LINEAR LINEAR LINEAR LINEAR LINEAR LINEAR LINEAR LINEAR LINEAR LINEAR
LINEAR LINEAR LINEAR LINEAR LINEAR LINEAR LINEAR</Name_array>
        <technique_common>
          <accessor source="#mixamorig_Hips-Interpolations-array" count="30">
            <param type="name"/>
          </accessor>
        </technique_common>
      </source>
      <sampler id="mixamorig_Hips-Matrix-animation-transform">
        <input semantic="INPUT" source="#mixamorig_Hips-Matrix-animation-input"/>
        <input semantic="OUTPUT" source="#mixamorig_Hips-Matrix-animation-output-transform"/>
        <input semantic="INTERPOLATION" source="#mixamorig_Hips-Interpolations"/>
      </sampler>
      <channel source="#mixamorig_Hips-Matrix-animation-transform" target="mixamorig_Hips/matrix"/>
    </animation>
    <animation id="mixamorig_Spine-anim" name="mixamorig_Spine">
      <source id="mixamorig_Spine-Matrix-animation-input">
        <float_array id="mixamorig_Spine-Matrix-animation-input-array" count="30">

0.000000 0.033333 0.066667 0.100000 0.133333 0.166667 0.200000 0.233333 0.266667 0.300000 0.333333 0.366667 0.400000 0.433333 0.466667 0.500000
0.533333 0.566667 0.600000 0.633333 0.666667 0.700000 0.733333 0.766667 0.800000 0.833333 0.866667 0.900000 0.933333 0.966667</float_array>
        <technique_common>
          <accessor source="#mixamorig_Spine-Matrix-animation-input-array" count="30">
            <param name="TIME" type="float"/>
          </accessor>
        </technique_common>
      </source>
      <source id="mixamorig_Spine-Matrix-animation-output-transform">
        <float_array id="mixamorig_Spine-Matrix-animation-output-transform-array" count="480">

0.998564 -0.051910 -0.013222 -0.000500 0.051346 0.997883 -0.039913 10.964600 0.015266 0.039177 0.999116 -0.062000 0.000000 0.000000 0.000000 1.000000
0.999060 -0.043080 -0.004736 -0.000500 0.042900 0.998532 -0.033072 10.964600 0.006154 0.032838 0.999442 -0.062000 0.000000 0.000000 0.000000 1.000000
0.999453 -0.032726 0.004690 -0.000500 0.032833 0.999155 -0.024727 10.964600 -0.003877 0.024868 0.999683 -0.062000 0.000000 0.000000 0.000000 1.000000
0.999624 -0.024551 0.012188 -0.000500 0.024772 0.999525 -0.018337 10.964600 -0.011732 0.018632 0.999758 -0.062000 0.000000 0.000000 0.000000 1.000000
0.999538 -0.023348 0.019474 -0.000500 0.023612 0.999631 -0.013425 10.964600 -0.019153 0.013879 0.999720 -0.062000 0.000000 0.000000 0.000000 1.000000
0.998936 -0.035486 0.029457 -0.000500 0.035735 0.999330 -0.007949 10.964600 -0.029155 0.008993 0.999534 -0.062000 0.000000 0.000000 0.000000 1.000000
0.997830 -0.051495 0.041040 -0.000500 0.051330 0.998669 0.005056 10.964600 -0.041246 -0.002939 0.999145 -0.062000 0.000000 0.000000 0.000000 1.000000
0.997985 -0.047328 0.042256 -0.000500 0.047146 0.998874 0.005275 10.964600 -0.042458 -0.003272 0.999093 -0.062000 0.000000 0.000000 0.000000 1.000000
0.999158 -0.023022 0.033959 -0.000500 0.023114 0.999730 -0.002311 10.964600 -0.033896 0.003094 0.999421 -0.062000 0.000000 0.000000 0.000000 1.000000
0.999559 -0.006478 0.028966 -0.000500 0.006773 0.999926 -0.010108 10.964600 -0.028898 0.010299 0.999529 -0.062000 0.000000 0.000000 0.000000 1.000000
0.999693 0.004948 0.024265 -0.000500 -0.004400 0.999735 -0.022608 10.964600 -0.024370 0.022495 0.999450 -0.062000 0.000000 0.000000 0.000000 1.000000
0.999794 0.012466 0.016028 -0.000500 -0.011871 0.999255 -0.036709 10.964600 -0.016473 0.036511 0.999197 -0.062000 0.000000 0.000000 0.000000 1.000000
0.999767 0.018914 0.010397 -0.000500 -0.018383 0.998628 -0.049022 10.964600 -0.011310 0.048820 0.998744 -0.062000 0.000000 0.000000 0.000000 1.000000
0.999824 0.016874 0.008175 -0.000500 -0.016365 0.998141 -0.058715 10.964600 -0.009150 0.058571 0.998241 -0.062000 0.000000 0.000000 0.000000 1.000000
0.999916 0.011974 0.004914 -0.000500 -0.011628 0.997799 -0.065290 10.964600 -0.005685 0.065227 0.997854 -0.062000 0.000000 0.000000 0.000000 1.000000
0.999967 0.007736 -0.002525 -0.000500 -0.007878 0.998036 -0.062147 10.964600 0.002039 0.062165 0.998064 -0.062000 0.000000 0.000000 0.000000 1.000000
0.999941 -0.001080 -0.010823 -0.000500 0.000518 0.998658 -0.051787 10.964600 0.010864 0.051779 0.998599 -0.062000 0.000000 0.000000 0.000000 1.000000
0.999745 -0.012981 -0.018497 -0.000500 0.012201 0.999057 -0.041664 10.964600 0.019020 0.041428 0.998960 -0.062000 0.000000 0.000000 0.000000 1.000000
0.999547 -0.015856 -0.025564 -0.000500 0.015001 0.999333 -0.033308 10.964600 0.026075 0.032910 0.999118 -0.062000 0.000000 0.000000 0.000000 1.000000
0.999307 -0.001735 -0.037194 -0.000500 0.000797 0.999682 -0.025202 10.964600 0.037226 0.025154 0.998990 -0.062000 0.000000 0.000000 0.000000 1.000000
0.998683 0.013932 -0.049388 -0.000500 -0.014779 0.999749 -0.016814 10.964600 0.049141 0.017522 0.998638 -0.062000 0.000000 0.000000 0.000000 1.000000
0.998523 0.013658 -0.052579 -0.000500 -0.014702 0.999701 -0.019532 10.964600 0.052297 0.020276 0.998426 -0.062000 0.000000 0.000000 0.000000 1.000000
0.998889 -0.002534 -0.047049 -0.000500 0.001441 0.999729 -0.023231 10.964600 0.047096 0.023138 0.998622 -0.062000 0.000000 0.000000 0.000000 1.000000
0.998946 -0.017253 -0.042537 -0.000500 0.016254 0.999586 -0.023723 10.964600 0.042929 0.023006 0.998813 -0.062000 0.000000 0.000000 0.000000 1.000000
0.998834 -0.028449 -0.039000 -0.000500 0.027428 0.999273 -0.026467 10.964600 0.039724 0.025367 0.998889 -0.062000 0.000000 0.000000 0.000000 1.000000
0.998569 -0.042089 -0.032989 -0.000500 0.041137 0.998732 -0.029010 10.964600 0.034169 0.027612 0.999035 -0.062000 0.000000 0.000000 0.000000 1.000000
0.998212 -0.053375 -0.026889 -0.000500 0.052566 0.998169 -0.029940 10.964600 0.028438 0.028473 0.999190 -0.062000 0.000000 0.000000 0.000000 1.000000
0.998088 -0.057227 -0.023371 -0.000500 0.056584 0.998024 -0.027309 10.964600 0.024888 0.025934 0.999354 -0.062000 0.000000 0.000000 0.000000 1.000000
0.998212 -0.056466 -0.019604 -0.000500 0.055778 0.997865 -0.033986 10.964600 0.021481 0.032831 0.999230 -0.062000 0.000000 0.000000 0.000000 1.000000
0.998564 -0.051910 -0.013223 -0.000500 0.051346 0.997883 -0.039913 10.964600 0.015266 0.039177 0.999116 -0.062000 0.000000 0.000000 0.000000 1.000000</float_array>
        <technique_common>
          <accessor source="#mixamorig_Spine-Matrix-animation-output-transform-array" count="30" stride="16">
            <param type="float4x4"/>
          </accessor>
        </technique_common>
      </source>
      <source id="mixamorig_Spine-Interpolations">
        <Name_array id="mixamorig_Spine-Interpolations-array" count="30">
 LINEAR LINEAR LINEAR LINEAR LINEAR LINEAR LINEAR LINEAR LINEAR LINEAR LINEAR
LINEAR LINEAR LINEAR LINEAR LINEAR LINEAR LINEAR LINEAR LINEAR LINEAR LINEAR LINEAR
LINEAR LINEAR LINEAR LINEAR LINEAR LINEAR LINEAR</Name_array>
        <technique_common>
          <accessor source="#mixamorig_Spine-Interpolations-array" count="30">
            <param type="name"/>
          </accessor>
        </technique_common>
      </source>
      <sampler id="mixamorig_Spine-Matrix-animation-transform">
        <input semantic="INPUT" source="#mixamorig_Spine-Matrix-animation-input"/>
        <input semantic="OUTPUT" source="#mixamorig_Spine-Matrix-animation-output-transform"/>
        <input semantic="INTERPOLATION" source="#mixamorig_Spine-Interpolations"/>
      </sampler>
      <channel source="#mixamorig_Spine-Matrix-animation-transform" target="mixamorig_Spine/matrix"/>
    </animation>
    <animation id="mixamorig_Spine1-anim" name="mixamorig_Spine1">
      <source id="mixamorig_Spine1-Matrix-animation-input">
        <float_array id="mixamorig_Spine1-Matrix-animation-input-array" count="30">

0.000000 0.033333 0.066667 0.100000 0.133333 0.166667 0.200000 0.233333 0.266667 0.300000 0.333333 0.366667 0.400000 0.433333 0.466667 0.500000
0.533333 0.566667 0.600000 0.633333 0.666667 0.700000 0.733333 0.766667 0.800000 0.833333 0.866667 0.900000 0.933333 0.966667</float_array>
        <technique_common>
          <accessor source="#mixamorig_Spine1-Matrix-animation-input-array" count="30">
            <param name="TIME" type="float"/>
          </accessor>
        </technique_common>
      </source>
      <source id="mixamorig_Spine1-Matrix-animation-output-transform">
        <float_array id="mixamorig_Spine1-Matrix-animation-output-transform-array" count="480">

0.999101 -0.012205 -0.040604 0.000600 0.013336 0.999527 0.027703 12.633800 0.040247 -0.028219 0.998791 -0.357500 0.000000 0.000000 0.000000 1.000000
0.999750 -0.003552 -0.022083 0.000600 0.004292 0.999428 0.033538 12.633800 0.021951 -0.033625 0.999193 -0.357500 0.000000 0.000000 0.000000 1.000000
0.999999 0.000314 -0.001224 0.000600 -0.000270 0.999358 0.035822 12.633800 0.001234 -0.035822 0.999357 -0.357500 0.000000 0.000000 0.000000 1.000000
0.999857 0.008444 0.014641 0.000600 -0.008991 0.999250 0.037672 12.633800 -0.014312 -0.037798 0.999183 -0.357500 0.000000 0.000000 0.000000 1.000000
0.999493 0.014968 0.028098 0.000600 -0.015909 0.999309 0.033591 12.633800 -0.027576 -0.034021 0.999041 -0.357500 0.000000 0.000000 0.000000 1.000000
0.999107 0.021502 0.036381 0.000600 -0.022444 0.999418 0.025690 12.633800 -0.035807 -0.026483 0.999008 -0.357500 0.000000 0.000000 0.000000 1.000000
0.998712 0.027819 0.042429 0.000600 -0.028578 0.999440 0.017401 12.633800 -0.041921 -0.018591 0.998948 -0.357500 0.000000 0.000000 0.000000 1.000000
0.998457 0.027685 0.048133 0.000600 -0.028638 0.999405 0.019217 12.633800 -0.047572 -0.020565 0.998656 -0.357500 0.000000 0.000000 0.000000 1.000000
0.998471 0.023484 0.050038 0.000600 -0.024784 0.999367 0.025532 12.633800 -0.049407 -0.026733 0.998421 -0.357500 0.000000 0.000000 0.000000 1.000000
0.998580 0.021427 0.048783 0.000600 -0.022946 0.999262 0.030795 12.633800 -0.048087 -0.031871 0.998335 -0.357500 0.000000 0.000000 0.000000 1.000000
0.998738 0.025031 0.043534 0.000600 -0.026661 0.998950 0.037262 12.633800 -0.042556 -0.038375 0.998357 -0.357500 0.000000 0.000000 0.000000 1.000000
0.999012 0.028846 0.033822 0.000600 -0.030120 0.998832 0.037775 12.633800 -0.032693 -0.038756 0.998714 -0.357500 0.000000 0.000000 0.000000 1.000000
0.999130 0.032893 0.025624 0.000600 -0.033758 0.998849 0.034086 12.633800 -0.024473 -0.034921 0.999090 -0.357500 0.000000 0.000000 0.000000 1.000000
0.999164 0.035444 0.020387 0.000600 -0.036087 0.998834 0.032053 12.633800 -0.019227 -0.032762 0.999278 -0.357500 0.000000 0.000000 0.000000 1.000000
0.999410 0.032127 0.012180 0.000600 -0.032492 0.998988 0.031086 12.633800 -0.011169 -0.031463 0.999443 -0.357500 0.000000 0.000000 0.000000 1.000000
0.999625 0.027142 -0.003733 0.000600 -0.027005 0.999098 0.032784 12.633800 0.004620 -0.032671 0.999455 -0.357500 0.000000 0.000000 0.000000 1.000000
0.999509 0.021639 -0.022660 0.000600 -0.020909 0.999270 0.031977 12.633800 0.023335 -0.031487 0.999232 -0.357500 0.000000 0.000000 0.000000 1.000000
0.999036 0.015774 -0.040978 0.000600 -0.014631 0.999500 0.028044 12.633800 0.041400 -0.027417 0.998766 -0.357500 0.000000 0.000000 0.000000 1.000000
0.998481 0.007805 -0.054534 0.000600 -0.006768 0.999793 0.019178 12.633800 0.054672 -0.018780 0.998328 -0.357500 0.000000 0.000000 0.000000 1.000000
0.997916 -0.003097 -0.064448 0.000600 0.003562 0.999968 0.007095 12.633800 0.064424 -0.007310 0.997896 -0.357500 0.000000 0.000000 0.000000 1.000000
0.997181 -0.011827 -0.074097 0.000600 0.011743 0.999930 -0.001556 12.633800 0.074110 0.000682 0.997250 -0.357500 0.000000 0.000000 0.000000 1.000000
0.996635 -0.012559 -0.080996 0.000600 0.012600 0.999921 -0.000001 12.633800 0.080989 -0.001020 0.996714 -0.357500 0.000000 0.000000 0.000000 1.000000
0.996458 -0.007395 -0.083767 0.000600 0.007973 0.999947 0.006569 12.633800 0.083714 -0.007213 0.996464 -0.357500 0.000000 0.000000 0.000000 1.000000
0.996339 -0.002335 -0.085460 0.000600 0.003603 0.999886 0.014681 12.633800 0.085416 -0.014935 0.996233 -0.357500 0.000000 0.000000 0.000000 1.000000
0.996600 -0.004554 -0.082267 0.000600 0.006413 0.999730 0.022343 12.633800 0.082143 -0.022795 0.996360 -0.357500 0.000000 0.000000 0.000000 1.000000
0.996973 -0.006442 -0.077484 0.000600 0.008686 0.999551 0.028659 12.633800 0.077265 -0.029246 0.996582 -0.357500 0.000000 0.000000 0.000000 1.000000
0.997453 -0.012896 -0.070157 0.000600 0.014992 0.999454 0.029434 12.633800 0.069739 -0.030411 0.997102 -0.357500 0.000000 0.000000 0.000000 1.000000
0.997807 -0.020847 -0.062824 0.000600 0.022510 0.999412 0.025868 12.633800 0.062248 -0.027225 0.997689 -0.357500 0.000000 0.000000 0.000000 1.000000
0.998294 -0.021844 -0.054138 0.000600 0.023296 0.999382 0.026340 12.633800 0.053529 -0.027556 0.998186 -0.357500 0.000000 0.000000 0.000000 1.000000
0.999101 -0.012205 -0.040604 0.000600 0.013336 0.999527 0.027703 12.633800 0.040247 -0.028219 0.998791 -0.357500 0.000000 0.000000 0.000000 1.000000</float_array>
        <technique_common>
          <accessor source="#mixamorig_Spine1-Matrix-animation-output-transform-array" count="30" stride="16">
            <param type="float4x4"/>
          </accessor>
        </technique_common>
      </source>
      <source id="mixamorig_Spine1-Interpolations">
        <Name_array id="mixamorig_Spine1-Interpolations-array" count="30">
 LINEAR LINEAR LINEAR LINEAR LINEAR LINEAR LINEAR LINEAR LINEAR LINEAR LINEAR
LINEAR LINEAR LINEAR LINEAR LINEAR LINEAR LINEAR LINEAR LINEAR LINEAR LINEAR LINEAR
LINEAR LINEAR LINEAR LINEAR LINEAR LINEAR LINEAR</Name_array>
        <technique_common>
          <accessor source="#mixamorig_Spine1-Interpolations-array" count="30">
            <param type="name"/>
          </accessor>
        </technique_common>
      </source>
      <sampler id="mixamorig_Spine1-Matrix-animation-transform">
        <input semantic="INPUT" source="#mixamorig_Spine1-Matrix-animation-input"/>
        <input semantic="OUTPUT" source="#mixamorig_Spine1-Matrix-animation-output-transform"/>
        <input semantic="INTERPOLATION" source="#mixamorig_Spine1-Interpolations"/>
      </sampler>
      <channel source="#mixamorig_Spine1-Matrix-animation-transform" target="mixamorig_Spine1/matrix"/>
    </animation>
    <animation id="mixamorig_Spine2-anim" name="mixamorig_Spine2">
      <source id="mixamorig_Spine2-Matrix-animation-input">
        <float_array id="mixamorig_Spine2-Matrix-animation-input-array" count="30">

0.000000 0.033333 0.066667 0.100000 0.133333 0.166667 0.200000 0.233333 0.266667 0.300000 0.333333 0.366667 0.400000 0.433333 0.466667 0.500000
0.533333 0.566667 0.600000 0.633333 0.666667 0.700000 0.733333 0.766667 0.800000 0.833333 0.866667 0.900000 0.933333 0.966667</float_array>
        <technique_common>
          <accessor source="#mixamorig_Spine2-Matrix-animation-input-array" count="30">
            <param name="TIME" type="float"/>
          </accessor>
        </technique_common>
      </source>
      <source id="mixamorig_Spine2-Matrix-animation-output-transform">
        <float_array id="mixamorig_Spine2-Matrix-animation-output-transform-array" count="480">

0.999195 -0.004393 -0.039871 0.000000 0.003949 0.999929 -0.011205 14.702400 0.039918 0.011038 0.999142 -0.000000 0.000000 0.000000 0.000000 1.000000
0.999754 0.004950 -0.021631 0.000000 -0.005083 0.999969 -0.006078 14.702400 0.021600 0.006187 0.999748 -0.000000 0.000000 0.000000 0.000000 1.000000
0.999955 0.009425 -0.001067 0.000000 -0.009430 0.999946 -0.004435 14.702400 0.001025 0.004445 0.999990 0.000000 0.000000 0.000000 0.000000 1.000000
0.999733 0.017862 0.014631 -0.000000 -0.017820 0.999837 -0.002963 14.702400 -0.014682 0.002702 0.999889 0.000000 0.000000 0.000000 0.000000 1.000000
0.999304 0.024499 0.028133 -0.000000 -0.024299 0.999677 -0.007440 14.702400 -0.028306 0.006751 0.999577 0.000000 0.000000 0.000000 0.000000 1.000000
0.998849 0.030958 0.036650 -0.000000 -0.030397 0.999413 -0.015773 14.702400 -0.037117 0.014641 0.999204 0.000000 0.000000 0.000000 0.000000 1.000000
0.998388 0.036892 0.043131 -0.000000 -0.035860 0.999057 -0.024469 14.702400 -0.043993 0.022883 0.998770 0.000000 0.000000 0.000000 0.000000 1.000000
0.998132 0.036682 0.048851 0.000000 -0.035601 0.999105 -0.022822 14.702400 -0.049644 0.021040 0.998545 0.000000 0.000000 0.000000 0.000000 1.000000
0.998201 0.032692 0.050254 0.000000 -0.031916 0.999360 -0.016167 14.702400 -0.050751 0.014534 0.998606 0.000000 0.000000 0.000000 0.000000 1.000000
0.998341 0.030891 0.048584 0.000000 -0.030414 0.999482 -0.010528 14.702400 -0.048884 0.009033 0.998764 0.000000 0.000000 0.000000 0.000000 1.000000
0.998475 0.034838 0.042834 0.000000 -0.034709 0.999390 -0.003750 14.702400 -0.042939 0.002258 0.999075 -0.000000 0.000000 0.000000 0.000000 1.000000
0.998724 0.038714 0.032415 0.000000 -0.038640 0.999249 -0.002925 14.702400 -0.032504 0.001669 0.999470 0.000000 0.000000 0.000000 0.000000 1.000000
0.998809 0.042646 0.023707 0.000000 -0.042503 0.999075 -0.006506 14.702400 -0.023963 0.005491 0.999698 0.000000 0.000000 0.000000 0.000000 1.000000
0.998815 0.045094 0.018331 0.000000 -0.044942 0.998953 -0.008594 14.702400 -0.018699 0.007760 0.999795 0.000000 0.000000 0.000000 0.000000 1.000000
0.999087 0.041458 0.010285 0.000000 -0.041360 0.999099 -0.009522 14.702400 -0.010671 0.009088 0.999902 0.000000 0.000000 0.000000 0.000000 1.000000
0.999346 0.035768 -0.005238 0.000000 -0.035807 0.999330 -0.007585 14.702400 0.004964 0.007768 0.999958 -0.000000 0.000000 0.000000 0.000000 1.000000
0.999282 0.029667 -0.023583 0.000000 -0.029863 0.999522 -0.008001 14.702400 0.023334 0.008700 0.999690 0.000000 0.000000 0.000000 0.000000 1.000000
0.998865 0.023541 -0.041413 0.000000 -0.024030 0.999647 -0.011354 14.702400 0.041131 0.012336 0.999078 -0.000000 0.000000 0.000000 0.000000 1.000000
0.998368 0.015709 -0.054910 0.000000 -0.016830 0.999658 -0.020007 14.702400 0.054577 0.020899 0.998291 -0.000000 0.000000 0.000000 0.000000 1.000000
0.997872 0.005224 -0.064996 0.000000 -0.007342 0.999448 -0.032396 14.702400 0.064790 0.032804 0.997360 -0.000000 0.000000 0.000000 0.000000 1.000000
0.997196 -0.002927 -0.074774 -0.000000 -0.000177 0.999140 -0.041474 14.702400 0.074831 0.041371 0.996338 0.000000 0.000000 0.000000 0.000000 1.000000
0.996655 -0.003828 -0.081630 0.000000 0.000560 0.999199 -0.040019 14.702400 0.081717 0.039840 0.995859 0.000000 0.000000 0.000000 0.000000 1.000000
0.996446 0.001046 -0.084229 0.000000 -0.003835 0.999450 -0.032948 14.702400 0.084148 0.033154 0.995902 0.000000 0.000000 0.000000 0.000000 1.000000
0.996303 0.005895 -0.085711 0.000000 -0.008004 0.999673 -0.024277 14.702400 0.085540 0.024873 0.996024 -0.000000 0.000000 0.000000 0.000000 1.000000
0.996611 0.003318 -0.082187 0.000000 -0.004660 0.999859 -0.016147 14.702400 0.082122 0.016475 0.996486 0.000000 0.000000 0.000000 0.000000 1.000000
0.997044 0.001176 -0.076829 0.000000 -0.001871 0.999958 -0.008983 14.702400 0.076815 0.009100 0.997004 0.000000 0.000000 0.000000 0.000000 1.000000
0.997595 -0.005223 -0.069118 -0.000000 0.004687 0.999958 -0.007914 14.702400 0.069157 0.007571 0.997577 0.000000 0.000000 0.000000 0.000000 1.000000
0.998001 -0.012844 -0.061878 -0.000000 0.012133 0.999856 -0.011852 14.702400 0.062021 0.011078 0.998013 0.000000 0.000000 0.000000 0.000000 1.000000
0.998484 -0.014068 -0.053221 -0.000000 0.013448 0.999838 -0.011998 14.702400 0.053382 0.011264 0.998511 0.000000 0.000000 0.000000 0.000000 1.000000
0.999195 -0.004393 -0.039871 0.000000 0.003949 0.999929 -0.011205 14.702400 0.039918 0.011038 0.999142 0.000000 0.000000 0.000000 0.000000 1.000000</float_array>
        <technique_common>
          <accessor source="#mixamorig_Spine2-Matrix-animation-output-transform-array" count="30" stride="16">
            <param type="float4x4"/>
          </accessor>
        </technique_common>
      </source>
      <source id="mixamorig_Spine2-Interpolations">
        <Name_array id="mixamorig_Spine2-Interpolations-array" count="30">
 LINEAR LINEAR LINEAR LINEAR LINEAR LINEAR LINEAR LINEAR LINEAR LINEAR LINEAR
LINEAR LINEAR LINEAR LINEAR LINEAR LINEAR LINEAR LINEAR LINEAR LINEAR LINEAR LINEAR
LINEAR LINEAR LINEAR LINEAR LINEAR LINEAR LINEAR</Name_array>
        <technique_common>
          <accessor source="#mixamorig_Spine2-Interpolations-array" count="30">
            <param type="name"/>
          </accessor>
        </technique_common>
      </source>
      <sampler id="mixamorig_Spine2-Matrix-animation-transform">
        <input semantic="INPUT" source="#mixamorig_Spine2-Matrix-animation-input"/>
        <input semantic="OUTPUT" source="#mixamorig_Spine2-Matrix-animation-output-transform"/>
        <input semantic="INTERPOLATION" source="#mixamorig_Spine2-Interpolations"/>
      </sampler>
      <channel source="#mixamorig_Spine2-Matrix-animation-transform" target="mixamorig_Spine2/matrix"/>
    </animation>
    <animation id="mixamorig_Neck-anim" name="mixamorig_Neck">
      <source id="mixamorig_Neck-Matrix-animation-input">
        <float_array id="mixamorig_Neck-Matrix-animation-input-array" count="30">

0.000000 0.033333 0.066667 0.100000 0.133333 0.166667 0.200000 0.233333 0.266667 0.300000 0.333333 0.366667 0.400000 0.433333 0.466667 0.500000
0.533333 0.566667 0.600000 0.633333 0.666667 0.700000 0.733333 0.766667 0.800000 0.833333 0.866667 0.900000 0.933333 0.966667</float_array>
        <technique_common>
          <accessor source="#mixamorig_Neck-Matrix-animation-input-array" count="30">
            <param name="TIME" type="float"/>
          </accessor>
        </technique_common>
      </source>
      <source id="mixamorig_Neck-Matrix-animation-output-transform">
        <float_array id="mixamorig_Neck-Matrix-animation-output-transform-array" count="480">

0.999651 0.017169 -0.020092 -0.027900 -0.015963 0.998146 0.058730 16.208700 0.021063 -0.058388 0.998072 -4.987700 0.000000 0.000000 0.000000 1.000000
0.999657 0.012774 -0.022852 -0.027900 -0.011595 0.998631 0.051004 16.208700 0.023473 -0.050721 0.998437 -4.987700 0.000000 0.000000 0.000000 1.000000
0.999580 0.019045 -0.021836 -0.027900 -0.017833 0.998358 0.054439 16.208700 0.022837 -0.054027 0.998278 -4.987700 0.000000 0.000000 0.000000 1.000000
0.999497 0.026028 -0.018133 -0.027900 -0.024876 0.997823 0.061084 16.208700 0.019684 -0.060603 0.997968 -4.987700 0.000000 0.000000 0.000000 1.000000
0.999148 0.039470 -0.012017 -0.027900 -0.038506 0.996664 0.071966 16.208700 0.014818 -0.071442 0.997335 -4.987700 0.000000 0.000000 0.000000 1.000000
0.998739 0.049698 -0.007127 -0.027900 -0.048931 0.995302 0.083543 16.208700 0.011245 -0.083089 0.996479 -4.987700 0.000000 0.000000 0.000000 1.000000
0.998585 0.052922 -0.005308 -0.027900 -0.052227 0.994534 0.090417 16.208700 0.010064 -0.090012 0.995890 -4.987700 0.000000 0.000000 0.000000 1.000000
0.998641 0.051890 -0.004908 -0.027900 -0.051240 0.994641 0.089797 16.208700 0.009542 -0.089423 0.995948 -4.987700 0.000000 0.000000 0.000000 1.000000
0.998876 0.047037 -0.005929 -0.027900 -0.046378 0.995425 0.083536 16.208700 0.009831 -0.083167 0.996487 -4.987700 0.000000 0.000000 0.000000 1.000000
0.999116 0.041379 -0.007393 -0.027900 -0.040668 0.996054 0.078888 16.208700 0.010628 -0.078518 0.996856 -4.987700 0.000000 0.000000 0.000000 1.000000
0.999164 0.040216 -0.007352 -0.027900 -0.039519 0.996154 0.078204 16.208700 0.010468 -0.077848 0.996910 -4.987700 0.000000 0.000000 0.000000 1.000000
0.998930 0.046016 -0.004576 -0.027900 -0.045480 0.995529 0.082791 16.208700 0.008365 -0.082495 0.996556 -4.987700 0.000000 0.000000 0.000000 1.000000
0.998565 0.053524 -0.001513 -0.027900 -0.053175 0.994573 0.089427 16.208700 0.006291 -0.089218 0.995992 -4.987700 0.000000 0.000000 0.000000 1.000000
0.998250 0.059115 0.001656 -0.027900 -0.059027 0.994281 0.088997 16.208700 0.003615 -0.088939 0.996031 -4.987700 0.000000 0.000000 0.000000 1.000000
0.998143 0.060620 0.005966 -0.027900 -0.060906 0.994675 0.083137 16.208700 -0.000894 -0.083346 0.996520 -4.987700 0.000000 0.000000 0.000000 1.000000
0.998240 0.058502 0.009737 -0.027900 -0.059059 0.995569 0.073168 16.208700 -0.005414 -0.073614 0.997272 -4.987700 0.000000 0.000000 0.000000 1.000000
0.998424 0.054899 0.011667 -0.027900 -0.055550 0.996289 0.065745 16.208700 -0.008014 -0.066289 0.997768 -4.987700 0.000000 0.000000 0.000000 1.000000
0.998900 0.045869 0.009752 -0.027900 -0.046408 0.996795 0.065162 16.208700 -0.006732 -0.065543 0.997827 -4.987700 0.000000 0.000000 0.000000 1.000000
0.999237 0.038482 0.006669 -0.027900 -0.038865 0.996605 0.072576 16.208700 -0.003853 -0.072779 0.997341 -4.987700 0.000000 0.000000 0.000000 1.000000
0.999424 0.033748 0.003636 -0.027900 -0.033936 0.995737 0.085768 16.208700 -0.000726 -0.085842 0.996308 -4.987700 0.000000 0.000000 0.000000 1.000000
0.999544 0.030172 0.001134 -0.027900 -0.030140 0.994850 0.096770 16.208700 0.001792 -0.096760 0.995306 -4.987700 0.000000 0.000000 0.000000 1.000000
0.999581 0.028917 -0.000810 -0.027900 -0.028705 0.994924 0.096452 16.208700 0.003595 -0.096389 0.995337 -4.987700 0.000000 0.000000 0.000000 1.000000
0.999545 0.030134 -0.001203 -0.027900 -0.029917 0.995785 0.086706 16.208700 0.003811 -0.086631 0.996233 -4.987700 0.000000 0.000000 0.000000 1.000000
0.999470 0.032543 0.000049 -0.027900 -0.032446 0.996368 0.078733 16.208700 0.002514 -0.078692 0.996896 -4.987700 0.000000 0.000000 0.000000 1.000000
0.999305 0.037272 0.000964 -0.027900 -0.037234 0.996286 0.077645 16.208700 0.001934 -0.077627 0.996981 -4.987700 0.000000 0.000000 0.000000 1.000000
0.999280 0.037935 0.000671 -0.027900 -0.037878 0.996478 0.074810 16.208700 0.002169 -0.074782 0.997198 -4.987700 0.000000 0.000000 0.000000 1.000000
0.999305 0.037254 -0.001210 -0.027900 -0.037054 0.996400 0.076247 16.208700 0.004046 -0.076149 0.997088 -4.987700 0.000000 0.000000 0.000000 1.000000
0.999437 0.033139 -0.005167 -0.027900 -0.032661 0.996678 0.074608 16.208700 0.007622 -0.074397 0.997200 -4.987700 0.000000 0.000000 0.000000 1.000000
0.999485 0.029992 -0.011399 -0.027900 -0.029125 0.997133 0.069840 16.208700 0.013461 -0.069472 0.997493 -4.987700 0.000000 0.000000 0.000000 1.000000
0.999651 0.017169 -0.020092 -0.027900 -0.015963 0.998146 0.058730 16.208700 0.021063 -0.058388 0.998072 -4.987700 0.000000 0.000000 0.000000 1.000000</float_array>
        <technique_common>
          <accessor source="#mixamorig_Neck-Matrix-animation-output-transform-array" count="30" stride="16">
            <param type="float4x4"/>
          </accessor>
        </technique_common>
      </source>
      <source id="mixamorig_Neck-Interpolations">
        <Name_array id="mixamorig_Neck-Interpolations-array" count="30">
 LINEAR LINEAR LINEAR LINEAR LINEAR LINEAR LINEAR LINEAR LINEAR LINEAR LINEAR
LINEAR LINEAR LINEAR LINEAR LINEAR LINEAR LINEAR LINEAR LINEAR LINEAR LINEAR LINEAR
LINEAR LINEAR LINEAR LINEAR LINEAR LINEAR LINEAR</Name_array>
        <technique_common>
          <accessor source="#mixamorig_Neck-Interpolations-array" count="30">
            <param type="name"/>
          </accessor>
        </technique_common>
      </source>
      <sampler id="mixamorig_Neck-Matrix-animation-transform">
        <input semantic="INPUT" source="#mixamorig_Neck-Matrix-animation-input"/>
        <input semantic="OUTPUT" source="#mixamorig_Neck-Matrix-animation-output-transform"/>
        <input semantic="INTERPOLATION" source="#mixamorig_Neck-Interpolations"/>
      </sampler>
      <channel source="#mixamorig_Neck-Matrix-animation-transform" target="mixamorig_Neck/matrix"/>
    </animation>
    <animation id="mixamorig_Head-anim" name="mixamorig_Head">
      <source id="mixamorig_Head-Matrix-animation-input">
        <float_array id="mixamorig_Head-Matrix-animation-input-array" count="30">

0.000000 0.033333 0.066667 0.100000 0.133333 0.166667 0.200000 0.233333 0.266667 0.300000 0.333333 0.366667 0.400000 0.433333 0.466667 0.500000
0.533333 0.566667 0.600000 0.633333 0.666667 0.700000 0.733333 0.766667 0.800000 0.833333 0.866667 0.900000 0.933333 0.966667</float_array>
        <technique_common>
          <accessor source="#mixamorig_Head-Matrix-animation-input-array" count="30">
            <param name="TIME" type="float"/>
          </accessor>
        </technique_common>
      </source>
      <source id="mixamorig_Head-Matrix-animation-output-transform">
        <float_array id="mixamorig_Head-Matrix-animation-output-transform-array" count="480">

0.997739 -0.005402 -0.066997 -0.000000 0.006991 0.999699 0.023496 7.472600 0.066850 -0.023911 0.997476 1.897700 0.000000 0.000000 0.000000 1.000000
0.997133 -0.014698 -0.074225 0.000000 0.015232 0.999862 0.006634 7.472600 0.074117 -0.007745 0.997219 1.897700 0.000000 0.000000 0.000000 1.000000
0.996778 -0.016717 -0.078449 0.000000 0.016540 0.999859 -0.002910 7.472600 0.078486 0.001603 0.996914 1.897700 0.000000 0.000000 0.000000 1.000000
0.997361 -0.013776 -0.071277 0.000000 0.013481 0.999898 -0.004614 7.472600 0.071334 0.003640 0.997446 1.897700 0.000000 0.000000 0.000000 1.000000
0.997983 -0.007778 -0.062996 0.000000 0.007746 0.999970 -0.000751 7.472600 0.063000 0.000262 0.998014 1.897700 0.000000 0.000000 0.000000 1.000000
0.998450 -0.001014 -0.055649 0.000000 0.001473 0.999965 0.008198 7.472600 0.055639 -0.008268 0.998417 1.897700 0.000000 0.000000 0.000000 1.000000
0.998653 0.008668 -0.051160 0.000000 -0.007715 0.999793 0.018810 7.472600 0.051313 -0.018390 0.998513 1.897700 0.000000 0.000000 0.000000 1.000000
0.998745 0.018962 -0.046357 0.000000 -0.018217 0.999699 0.016442 7.472600 0.046655 -0.015577 0.998790 1.897700 0.000000 0.000000 0.000000 1.000000
0.998765 0.025933 -0.042384 0.000000 -0.025758 0.999657 0.004687 7.472600 0.042491 -0.003589 0.999090 1.897700 0.000000 0.000000 0.000000 1.000000
0.998939 0.022368 -0.040254 0.000000 -0.022763 0.999697 -0.009374 7.472600 0.040032 0.010281 0.999146 1.897700 0.000000 0.000000 0.000000 1.000000
0.999106 0.017086 -0.038668 0.000000 -0.017586 0.999766 -0.012608 7.472600 0.038443 0.013277 0.999173 1.897700 0.000000 0.000000 0.000000 1.000000
0.999299 0.010978 -0.035798 0.000000 -0.010994 0.999940 -0.000265 7.472600 0.035793 0.000658 0.999359 1.897700 0.000000 0.000000 0.000000 1.000000
0.999393 0.004343 -0.034556 0.000000 -0.003813 0.999875 0.015376 7.472600 0.034618 -0.015235 0.999284 1.897700 0.000000 0.000000 0.000000 1.000000
0.999565 0.005218 -0.029040 0.000000 -0.004422 0.999614 0.027420 7.472600 0.029172 -0.027280 0.999202 1.897700 0.000000 0.000000 0.000000 1.000000
0.999840 0.014446 -0.010534 -0.000000 -0.014092 0.999357 0.032967 7.472600 0.011004 -0.032813 0.999401 1.897700 0.000000 0.000000 0.000000 1.000000
0.999685 0.022379 0.011401 0.000000 -0.022738 0.999216 0.032394 7.472600 -0.010667 -0.032643 0.999410 1.897700 0.000000 0.000000 0.000000 1.000000
0.999347 0.024340 0.026703 0.000000 -0.025042 0.999341 0.026286 7.472600 -0.026046 -0.026937 0.999298 1.897700 0.000000 0.000000 0.000000 1.000000
0.999236 0.022042 0.032273 0.000000 -0.022816 0.999456 0.023825 7.472600 -0.031730 -0.024543 0.999195 1.897700 0.000000 0.000000 0.000000 1.000000
0.999407 0.017363 0.029741 0.000000 -0.018162 0.999476 0.026788 7.472600 -0.029261 -0.027312 0.999199 1.897700 0.000000 0.000000 0.000000 1.000000
0.999616 0.014396 0.023694 -0.000000 -0.015265 0.999203 0.036884 7.472600 -0.023144 -0.037232 0.999039 1.897700 0.000000 0.000000 0.000000 1.000000
0.999763 0.011704 0.018369 0.000000 -0.012483 0.999001 0.042898 7.472600 -0.017849 -0.043117 0.998911 1.897700 0.000000 0.000000 0.000000 1.000000
0.999917 0.006938 0.010828 0.000000 -0.007361 0.999191 0.039528 7.472600 -0.010545 -0.039604 0.999160 1.897700 0.000000 0.000000 0.000000 1.000000
0.999978 0.003281 0.005840 0.000000 -0.003452 0.999561 0.029418 7.472600 -0.005740 -0.029438 0.999550 1.897700 0.000000 0.000000 0.000000 1.000000
0.999973 0.001334 0.007247 0.000000 -0.001429 0.999912 0.013168 7.472600 -0.007229 -0.013178 0.999887 1.897700 0.000000 0.000000 0.000000 1.000000
0.999971 0.005869 0.004864 -0.000000 -0.005863 0.999982 -0.001285 7.472600 -0.004871 0.001256 0.999987 1.897700 0.000000 0.000000 0.000000 1.000000
0.999857 0.016572 0.003437 0.000000 -0.016579 0.999861 0.001981 7.472600 -0.003404 -0.002038 0.999992 1.897700 0.000000 0.000000 0.000000 1.000000
0.999717 0.023529 -0.003611 0.000000 -0.023483 0.999649 0.012286 7.472600 0.003899 -0.012197 0.999918 1.897700 0.000000 0.000000 0.000000 1.000000
0.999628 0.021981 -0.016146 0.000000 -0.021667 0.999577 0.019388 7.472600 0.016565 -0.019031 0.999682 1.897700 0.000000 0.000000 0.000000 1.000000
0.999041 0.008367 -0.042982 -0.000000 -0.007396 0.999715 0.022699 7.472600 0.043160 -0.022360 0.998818 1.897700 0.000000 0.000000 0.000000 1.000000
0.997739 -0.005402 -0.066997 0.000000 0.006991 0.999699 0.023496 7.472600 0.066850 -0.023911 0.997476 1.897700 0.000000 0.000000 0.000000 1.000000</float_array>
        <technique_common>
          <accessor source="#mixamorig_Head-Matrix-animation-output-transform-array" count="30" stride="16">
            <param type="float4x4"/>
          </accessor>
        </technique_common>
      </source>
      <source id="mixamorig_Head-Interpolations">
        <Name_array id="mixamorig_Head-Interpolations-array" count="30">
 LINEAR LINEAR LINEAR LINEAR LINEAR LINEAR LINEAR LINEAR LINEAR LINEAR LINEAR
LINEAR LINEAR LINEAR LINEAR LINEAR LINEAR LINEAR LINEAR LINEAR LINEAR LINEAR LINEAR
LINEAR LINEAR LINEAR LINEAR LINEAR LINEAR LINEAR</Name_array>
        <technique_common>
          <accessor source="#mixamorig_Head-Interpolations-array" count="30">
            <param type="name"/>
          </accessor>
        </technique_common>
      </source>
      <sampler id="mixamorig_Head-Matrix-animation-transform">
        <input semantic="INPUT" source="#mixamorig_Head-Matrix-animation-input"/>
