<?xml version="1.0" encoding="utf-8"?>
<COLLADA xmlns="http://www.collada.org/2005/11/COLLADASchema" version="1.4.1">
  <asset>
    <contributor>
      <author>Mixamo</author>
      <authoring_tool>COLLADA Mixamo exporter</authoring_tool>
      <comments/>
    </contributor>
    <created>2025-11-13T15:18:57Z</created>
    <modified>2025-11-13T15:18:57Z</modified>
    <revision/>
    <title/>
    <unit meter="0.010000"/>
    <up_axis>Y_UP</up_axis>
  </asset>
  <library_animations>
    <animation id="mixamorig4_Hips-anim" name="mixamorig4_Hips">
      <source id="mixamorig4_Hips-Matrix-animation-input">
        <float_array id="mixamorig4_Hips-Matrix-animation-input-array" count="299">

0.000000 0.033333 0.066667 0.100000 0.133333 0.166667 0.200000 0.233333 0.266667 0.300000 0.333333 0.366667 0.400000 0.433333 0.466667 0.500000
0.533333 0.566667 0.600000 0.633333 0.666667 0.700000 0.733333 0.766667 0.800000 0.833333 0.866667 0.900000 0.933333 0.966667 1.000000 1.033333
1.066667 1.100000 1.133333 1.166667 1.200000 1.233333 1.266667 1.300000 1.333333 1.366667 1.400000 1.433333 1.466667 1.500000 1.533333 1.566667
1.600000 1.633333 1.666667 1.700000 1.733333 1.766667 1.800000 1.833333 1.866667 1.900000 1.933333 1.966667 2.000000 2.033333 2.066667 2.100000
2.133333 2.166667 2.200000 2.233333 2.266667 2.300000 2.333333 2.366667 2.400000 2.433333 2.466667 2.500000 2.533333 2.566667 2.600000 2.633333
2.666667 2.700000 2.733333 2.766667 2.800000 2.833333 2.866667 2.900000 2.933333 2.966667 3.000000 3.033333 3.066667 3.100000 3.133333 3.166667
3.200000 3.233333 3.266667 3.300000 3.333333 3.366667 3.400000 3.433333 3.466667 3.500000 3.533333 3.566667 3.600000 3.633333 3.666667 3.700000
3.733333 3.766667 3.800000 3.833333 3.866667 3.900000 3.933333 3.966667 4.000000 4.033333 4.066667 4.100000 4.133333 4.166667 4.200000 4.233333
4.266667 4.300000 4.333333 4.366667 4.400000 4.433333 4.466667 4.500000 4.533333 4.566667 4.600000 4.633333 4.666667 4.700000 4.733333 4.766667
4.800000 4.833333 4.866667 4.900000 4.933333 4.966667 5.000000 5.033333 5.066667 5.100000 5.133333 5.166667 5.200000 5.233333 5.266667 5.300000
5.333333 5.366667 5.400000 5.433333 5.466667 5.500000 5.533333 5.566667 5.600000 5.633333 5.666667 5.700000 5.733333 5.766667 5.800000 5.833333
5.866667 5.900000 5.933333 5.966667 6.000000 6.033333 6.066667 6.100000 6.133333 6.166667 6.200000 6.233333 6.266667 6.300000 6.333333 6.366667
6.400000 6.433333 6.466667 6.500000 6.533333 6.566667 6.600000 6.633333 6.666667 6.700000 6.733333 6.766667 6.800000 6.833333 6.866667 6.900000
6.933333 6.966667 7.000000 7.033333 7.066667 7.100000 7.133333 7.166667 7.200000 7.233333 7.266667 7.300000 7.333333 7.366667 7.400000 7.433333
7.466667 7.500000 7.533333 7.566667 7.600000 7.633333 7.666667 7.700000 7.733333 7.766667 7.800000 7.833333 7.866667 7.900000 7.933333 7.966667
8.000000 8.033333 8.066667 8.100000 8.133333 8.166667 8.200000 8.233333 8.266667 8.300000 8.333333 8.366667 8.400000 8.433333 8.466667 8.500000
8.533333 8.566667 8.600000 8.633333 8.666667 8.700000 8.733333 8.766667 8.800000 8.833333 8.866667 8.900000 8.933333 8.966667 9.000000 9.033333
9.066667 9.100000 9.133333 9.166667 9.200000 9.233333 9.266667 9.300000 9.333333 9.366667 9.400000 9.433333 9.466667 9.500000 9.533333 9.566667
9.600000 9.633333 9.666667 9.700000 9.733333 9.766667 9.800000 9.833333 9.866667 9.900000 9.933333</float_array>
        <technique_common>
          <accessor source="#mixamorig4_Hips-Matrix-animation-input-array" count="299">
            <param name="TIME" type="float"/>
          </accessor>
        </technique_common>
      </source>
      <source id="mixamorig4_Hips-Matrix-animation-output-transform">
        <float_array id="mixamorig4_Hips-Matrix-animation-output-transform-array" count="4784">

0.999809 0.019434 -0.001843 0.117746 -0.019378 0.999460 0.026545 96.503960 0.002358 -0.026504 0.999646 0.365181 0.000000 0.000000 0.000000 1.000000
0.999774 0.021155 -0.002111 0.294205 -0.021091 0.999414 0.026945 96.468468 0.002679 -0.026894 0.999635 0.329619 0.000000 0.000000 0.000000 1.000000
0.999739 0.022725 -0.002188 0.464859 -0.022656 0.999368 0.027409 96.440170 0.002809 -0.027352 0.999622 0.317563 0.000000 0.000000 0.000000 1.000000
0.999716 0.023768 -0.001773 0.616221 -0.023709 0.999321 0.028187 96.432983 0.002442 -0.028137 0.999601 0.370159 0.000000 0.000000 0.000000 1.000000
0.999696 0.024632 -0.001237 0.755499 -0.024585 0.999273 0.029143 96.419136 0.001954 -0.029104 0.999574 0.423525 0.000000 0.000000 0.000000 1.000000
0.999674 0.025544 -0.000549 0.884063 -0.025516 0.999219 0.030162 96.388832 0.001319 -0.030139 0.999545 0.475130 0.000000 0.000000 0.000000 1.000000
0.999644 0.026668 0.000258 1.002420 -0.026663 0.999159 0.031149 96.338585 0.000573 -0.031144 0.999515 0.522971 0.000000 0.000000 0.000000 1.000000
0.999607 0.028008 0.001096 1.110065 -0.028028 0.999093 0.032066 96.270958 -0.000197 -0.032084 0.999485 0.566458 0.000000 0.000000 0.000000 1.000000
0.999565 0.029425 0.001876 1.205823 -0.029471 0.999023 0.032921 96.191605 -0.000905 -0.032962 0.999456 0.606198 0.000000 0.000000 0.000000 1.000000
0.999524 0.030731 0.002552 1.288323 -0.030800 0.998957 0.033715 96.105873 -0.001513 -0.033778 0.999428 0.643046 0.000000 0.000000 0.000000 1.000000
0.999490 0.031785 0.003127 1.356170 -0.031874 0.998899 0.034424 96.017586 -0.002029 -0.034506 0.999402 0.677486 0.000000 0.000000 0.000000 1.000000
0.999464 0.032545 0.003612 1.408218 -0.032652 0.998853 0.035018 95.928642 -0.002468 -0.035117 0.999380 0.709489 0.000000 0.000000 0.000000 1.000000
0.999445 0.033064 0.003988 1.444224 -0.033185 0.998819 0.035481 95.839729 -0.002810 -0.035594 0.999362 0.738622 0.000000 0.000000 0.000000 1.000000
0.999432 0.033441 0.004199 1.465828 -0.033571 0.998794 0.035824 95.750786 -0.002996 -0.035945 0.999349 0.764169 0.000000 0.000000 0.000000 1.000000
0.999421 0.033774 0.004176 1.476401 -0.033903 0.998774 0.036066 95.661957 -0.002953 -0.036187 0.999341 0.785205 0.000000 0.000000 0.000000 1.000000
0.999410 0.034117 0.003878 1.479293 -0.034235 0.998757 0.036228 95.574509 -0.002637 -0.036340 0.999336 0.800712 0.000000 0.000000 0.000000 1.000000
0.999400 0.034484 0.003323 1.476291 -0.034582 0.998741 0.036341 95.491402 -0.002066 -0.036434 0.999334 0.809828 0.000000 0.000000 0.000000 1.000000
0.999388 0.034872 0.002603 1.467566 -0.034944 0.998724 0.036461 95.416611 -0.001328 -0.036529 0.999332 0.812428 0.000000 0.000000 0.000000 1.000000
0.999375 0.035292 0.001848 1.452843 -0.035336 0.998702 0.036672 95.353539 -0.000552 -0.036715 0.999326 0.809688 0.000000 0.000000 0.000000 1.000000
0.999359 0.035772 0.001176 1.432207 -0.035791 0.998672 0.037065 95.303139 0.000151 -0.037084 0.999312 0.804265 0.000000 0.000000 0.000000 1.000000
0.999339 0.036334 0.000640 1.406039 -0.036333 0.998628 0.037698 95.263962 0.000730 -0.037696 0.999289 0.799721 0.000000 0.000000 0.000000 1.000000
0.999316 0.036977 0.000234 1.374527 -0.036958 0.998572 0.038578 95.232468 0.001193 -0.038561 0.999256 0.799282 0.000000 0.000000 0.000000 1.000000
0.999291 0.037656 -0.000079 1.337563 -0.037623 0.998505 0.039662 95.203430 0.001572 -0.039631 0.999213 0.804445 0.000000 0.000000 0.000000 1.000000
0.999266 0.038295 -0.000341 1.294821 -0.038249 0.998432 0.040862 95.170929 0.001906 -0.040819 0.999165 0.814271 0.000000 0.000000 0.000000 1.000000
0.999247 0.038796 -0.000600 1.245831 -0.038736 0.998363 0.042071 95.131508 0.002232 -0.042016 0.999114 0.826056 0.000000 0.000000 0.000000 1.000000
0.999236 0.039076 -0.000898 1.190263 -0.039000 0.998305 0.043208 95.086815 0.002585 -0.043140 0.999066 0.837131 0.000000 0.000000 0.000000 1.000000
0.999234 0.039110 -0.001248 1.127982 -0.039017 0.998257 0.044269 95.043167 0.002978 -0.044186 0.999019 0.846462 0.000000 0.000000 0.000000 1.000000
0.999240 0.038946 -0.001630 1.059291 -0.038833 0.998217 0.045321 95.007553 0.003392 -0.045223 0.998971 0.854781 0.000000 0.000000 0.000000 1.000000
0.999249 0.038685 -0.001994 0.984819 -0.038551 0.998177 0.046444 94.983322 0.003787 -0.046332 0.998919 0.863321 0.000000 0.000000 0.000000 1.000000
0.999259 0.038432 -0.002292 0.905274 -0.038280 0.998130 0.047650 94.968109 0.004119 -0.047527 0.998861 0.872504 0.000000 0.000000 0.000000 1.000000
0.999264 0.038270 -0.002488 0.821200 -0.038103 0.998078 0.048865 94.955505 0.004353 -0.048734 0.998802 0.881416 0.000000 0.000000 0.000000 1.000000
0.999266 0.038232 -0.002580 0.732937 -0.038055 0.998024 0.049989 94.938652 0.004486 -0.049855 0.998746 0.888339 0.000000 0.000000 0.000000 1.000000
0.999263 0.038285 -0.002603 0.640398 -0.038103 0.997973 0.050979 94.914673 0.004550 -0.050842 0.998696 0.891678 0.000000 0.000000 0.000000 1.000000
0.999261 0.038344 -0.002610 0.543184 -0.038157 0.997925 0.051871 94.885933 0.004593 -0.051733 0.998650 0.890483 0.000000 0.000000 0.000000 1.000000
0.999263 0.038302 -0.002640 0.440799 -0.038110 0.997881 0.052739 94.857620 0.004654 -0.052600 0.998605 0.884466 0.000000 0.000000 0.000000 1.000000
0.999270 0.038097 -0.002705 0.332941 -0.037898 0.997842 0.053629 94.833870 0.004743 -0.053487 0.998557 0.873785 0.000000 0.000000 0.000000 1.000000
0.999284 0.037737 -0.002783 0.219816 -0.037529 0.997807 0.054519 94.815605 0.004835 -0.054375 0.998509 0.858944 0.000000 0.000000 0.000000 1.000000
0.999301 0.037282 -0.002837 0.101882 -0.037069 0.997780 0.055318 94.801392 0.004893 -0.055174 0.998465 0.840765 0.000000 0.000000 0.000000 1.000000
0.999319 0.036780 -0.002844 -0.020501 -0.036564 0.997767 0.055900 94.790092 0.004894 -0.055758 0.998432 0.820238 0.000000 0.000000 0.000000 1.000000
0.999339 0.036241 -0.002818 -0.147148 -0.036026 0.997772 0.056156 94.782074 0.004847 -0.056017 0.998418 0.798105 0.000000 0.000000 0.000000 1.000000
0.999360 0.035653 -0.002792 -0.278117 -0.035441 0.997799 0.056041 94.778885 0.004784 -0.055907 0.998425 0.774508 0.000000 0.000000 0.000000 1.000000
0.999382 0.035034 -0.002787 -0.413181 -0.034825 0.997846 0.055598 94.782127 0.004729 -0.055467 0.998449 0.748842 0.000000 0.000000 0.000000 1.000000
0.999403 0.034438 -0.002788 -0.552000 -0.034233 0.997903 0.054930 94.791077 0.004674 -0.054802 0.998486 0.719960 0.000000 0.000000 0.000000 1.000000
0.999421 0.033913 -0.002762 -0.694202 -0.033714 0.997963 0.054153 94.803551 0.004593 -0.054029 0.998529 0.686561 0.000000 0.000000 0.000000 1.000000
0.999437 0.033430 -0.002694 -0.839812 -0.033239 0.998023 0.053344 94.817039 0.004472 -0.053224 0.998573 0.647598 0.000000 0.000000 0.000000 1.000000
0.999457 0.032857 -0.002616 -0.989552 -0.032675 0.998086 0.052510 94.831192 0.004336 -0.052396 0.998617 0.602482 0.000000 0.000000 0.000000 1.000000
0.999484 0.032016 -0.002579 -1.144292 -0.031841 0.998160 0.051607 94.849197 0.004226 -0.051499 0.998664 0.551418 0.000000 0.000000 0.000000 1.000000
0.999522 0.030803 -0.002585 -1.304547 -0.030633 0.998249 0.050605 94.876434 0.004139 -0.050501 0.998715 0.495833 0.000000 0.000000 0.000000 1.000000
0.999568 0.029282 -0.002532 -1.469862 -0.029120 0.998347 0.049543 94.917068 0.003978 -0.049448 0.998769 0.438486 0.000000 0.000000 0.000000 1.000000
0.999615 0.027656 -0.002227 -1.638921 -0.027515 0.998442 0.048536 94.970490 0.003566 -0.048456 0.998819 0.382680 0.000000 0.000000 0.000000 1.000000
0.999657 0.026151 -0.001504 -1.810300 -0.026050 0.998522 0.047700 95.030701 0.002749 -0.047645 0.998861 0.330745 0.000000 0.000000 0.000000 1.000000
0.999690 0.024889 -0.000343 -1.983257 -0.024845 0.998583 0.047063 95.088768 0.001514 -0.047040 0.998892 0.283206 0.000000 0.000000 0.000000 1.000000
0.999715 0.023838 0.001087 -2.157920 -0.023862 0.998631 0.046540 95.139420 0.000024 -0.046552 0.998916 0.239056 0.000000 0.000000 0.000000 1.000000
0.999735 0.022864 0.002531 -2.334987 -0.022956 0.998679 0.045979 95.183693 -0.001476 -0.046025 0.998939 0.196804 0.000000 0.000000 0.000000 1.000000
0.999755 0.021828 0.003787 -2.514962 -0.021977 0.998735 0.045235 95.227272 -0.002795 -0.045307 0.998969 0.155344 0.000000 0.000000 0.000000 1.000000
0.999775 0.020669 0.004789 -2.698060 -0.020861 0.998803 0.044233 95.275406 -0.003869 -0.044323 0.999010 0.114376 0.000000 0.000000 0.000000 1.000000
0.999796 0.019432 0.005570 -2.884596 -0.019654 0.998881 0.043016 95.329414 -0.004728 -0.043117 0.999059 0.074356 0.000000 0.000000 0.000000 1.000000
0.999815 0.018235 0.006166 -3.075263 -0.018476 0.998958 0.041729 95.386124 -0.005399 -0.041836 0.999110 0.036193 0.000000 0.000000 0.000000 1.000000
0.999831 0.017194 0.006559 -3.270062 -0.017446 0.999025 0.040555 95.439949 -0.005856 -0.040662 0.999156 0.000801 0.000000 0.000000 0.000000 1.000000
0.999844 0.016355 0.006711 -3.468131 -0.016608 0.999076 0.039636 95.486122 -0.006056 -0.039741 0.999192 -0.031354 0.000000 0.000000 0.000000 1.000000
0.999856 0.015650 0.006626 -3.668913 -0.015897 0.999112 0.039020 95.523056 -0.006010 -0.039120 0.999216 -0.060372 0.000000 0.000000 0.000000 1.000000
0.999868 0.014929 0.006387 -3.872841 -0.015165 0.999137 0.038657 95.554146 -0.005804 -0.038749 0.999232 -0.086586 0.000000 0.000000 0.000000 1.000000
0.999883 0.014049 0.006106 -4.080541 -0.014274 0.999158 0.038453 95.585838 -0.005561 -0.038536 0.999242 -0.109854 0.000000 0.000000 0.000000 1.000000
0.999899 0.012946 0.005851 -4.292266 -0.013161 0.999178 0.038338 95.624191 -0.005350 -0.038411 0.999248 -0.128924 0.000000 0.000000 0.000000 1.000000
0.999917 0.011627 0.005612 -4.507626 -0.011833 0.999197 0.038287 95.671593 -0.005162 -0.038350 0.999251 -0.141531 0.000000 0.000000 0.000000 1.000000
0.999934 0.010116 0.005354 -4.726231 -0.010314 0.999214 0.038286 95.726715 -0.004963 -0.038339 0.999252 -0.145458 0.000000 0.000000 0.000000 1.000000
0.999952 0.008414 0.005106 -4.947769 -0.008604 0.999229 0.038319 95.786453 -0.004780 -0.038361 0.999253 -0.139642 0.000000 0.000000 0.000000 1.000000
0.999966 0.006509 0.004995 -5.172076 -0.006696 0.999241 0.038375 95.848686 -0.004741 -0.038407 0.999251 -0.124898 0.000000 0.000000 0.000000 1.000000
0.999977 0.004404 0.005184 -5.398800 -0.004600 0.999250 0.038455 95.913429 -0.005010 -0.038478 0.999247 -0.103763 0.000000 0.000000 0.000000 1.000000
0.999981 0.002132 0.005757 -5.627454 -0.002352 0.999254 0.038553 95.981827 -0.005671 -0.038566 0.999240 -0.079313 0.000000 0.000000 0.000000 1.000000
0.999978 -0.000247 0.006652 -5.857487 -0.000011 0.999253 0.038646 96.055367 -0.006656 -0.038645 0.999231 -0.053688 0.000000 0.000000 0.000000 1.000000
0.999967 -0.002670 0.007696 -6.088346 0.002370 0.999247 0.038718 96.134727 -0.007793 -0.038698 0.999221 -0.027146 0.000000 0.000000 0.000000 1.000000
0.999949 -0.005101 0.008710 -6.319583 0.004759 0.999237 0.038772 96.220032 -0.008902 -0.038729 0.999210 0.001963 0.000000 0.000000 0.000000 1.000000
0.999926 -0.007540 0.009586 -6.551032 0.007163 0.999220 0.038826 96.309494 -0.009871 -0.038754 0.999200 0.036424 0.000000 0.000000 0.000000 1.000000
0.999897 -0.010002 0.010299 -6.782530 0.009595 0.999197 0.038889 96.398285 -0.010679 -0.038786 0.999190 0.078968 0.000000 0.000000 0.000000 1.000000
0.999863 -0.012470 0.010879 -7.013685 0.012037 0.999168 0.038966 96.478676 -0.011355 -0.038829 0.999181 0.130844 0.000000 0.000000 0.000000 1.000000
0.999825 -0.014885 0.011354 -7.243959 0.014431 0.999133 0.039049 96.542969 -0.011925 -0.038879 0.999173 0.190651 0.000000 0.000000 0.000000 1.000000
0.999783 -0.017196 0.011718 -7.472686 0.016725 0.999095 0.039098 96.587227 -0.012380 -0.038893 0.999167 0.254650 0.000000 0.000000 0.000000 1.000000
0.999740 -0.019416 0.011955 -7.699749 0.018936 0.999058 0.039034 96.613091 -0.012701 -0.038797 0.999166 0.318036 0.000000 0.000000 0.000000 1.000000
0.999693 -0.021636 0.012108 -7.925356 0.021152 0.999023 0.038796 96.625923 -0.012936 -0.038528 0.999174 0.376556 0.000000 0.000000 0.000000 1.000000
0.999637 -0.023969 0.012330 -8.149924 0.023480 0.998987 0.038395 96.631973 -0.013237 -0.038091 0.999187 0.427568 0.000000 0.000000 0.000000 1.000000
0.999567 -0.026466 0.012844 -8.373482 0.025963 0.998944 0.037905 96.634422 -0.013834 -0.037555 0.999199 0.470481 0.000000 0.000000 0.000000 1.000000
0.999481 -0.029092 0.013836 -8.595635 0.028557 0.998891 0.037435 96.632675 -0.014910 -0.037020 0.999203 0.506676 0.000000 0.000000 0.000000 1.000000
0.999379 -0.031733 0.015344 -8.815439 0.031146 0.998827 0.037079 96.623352 -0.016502 -0.036579 0.999195 0.538661 0.000000 0.000000 0.000000 1.000000
0.999265 -0.034247 0.017250 -9.031883 0.033593 0.998754 0.036899 96.603416 -0.018492 -0.036292 0.999170 0.568768 0.000000 0.000000 0.000000 1.000000
0.999146 -0.036504 0.019382 -9.244014 0.035771 0.998678 0.036917 96.573082 -0.020704 -0.036192 0.999130 0.598246 0.000000 0.000000 0.000000 1.000000
0.999029 -0.038400 0.021620 -9.450870 0.037580 0.998604 0.037127 96.536339 -0.023015 -0.036279 0.999077 0.627061 0.000000 0.000000 0.000000 1.000000
0.998918 -0.039870 0.023923 -9.651506 0.038957 0.998537 0.037490 96.499153 -0.025383 -0.036517 0.999011 0.653919 0.000000 0.000000 0.000000 1.000000
0.998820 -0.040841 0.026282 -9.845247 0.039830 0.998487 0.037919 96.463814 -0.027791 -0.036828 0.998935 0.676828 0.000000 0.000000 0.000000 1.000000
0.998738 -0.041256 0.028653 -10.031893 0.040146 0.998460 0.038298 96.427589 -0.030189 -0.037099 0.998855 0.693590 0.000000 0.000000 0.000000 1.000000
0.998674 -0.041145 0.030927 -10.211434 0.039943 0.998459 0.038518 96.385307 -0.032464 -0.037232 0.998779 0.702422 0.000000 0.000000 0.000000 1.000000
0.998632 -0.040607 0.032950 -10.384212 0.039330 0.998483 0.038528 96.331512 -0.034465 -0.037179 0.998714 0.702604 0.000000 0.000000 0.000000 1.000000
0.998611 -0.039778 0.034562 -10.550883 0.038448 0.998524 0.038350 96.262268 -0.036036 -0.036968 0.998666 0.694126 0.000000 0.000000 0.000000 1.000000
0.998612 -0.038781 0.035652 -10.711856 0.037421 0.998574 0.038074 96.176888 -0.037077 -0.036687 0.998639 0.677627 0.000000 0.000000 0.000000 1.000000
0.998633 -0.037695 0.036214 -10.867385 0.036323 0.998625 0.037808 96.078835 -0.037589 -0.036441 0.998629 0.654387 0.000000 0.000000 0.000000 1.000000
0.998671 -0.036537 0.036359 -11.017571 0.035166 0.998672 0.037648 95.974007 -0.037687 -0.036319 0.998629 0.626604 0.000000 0.000000 0.000000 1.000000
0.998718 -0.035295 0.036275 -11.162050 0.033927 0.998714 0.037662 95.868103 -0.037557 -0.036383 0.998632 0.597544 0.000000 0.000000 0.000000 1.000000
0.998769 -0.033954 0.036160 -11.299527 0.032582 0.998751 0.037891 95.762901 -0.037401 -0.036666 0.998627 0.570796 0.000000 0.000000 0.000000 1.000000
0.998816 -0.032538 0.036177 -11.428963 0.031148 0.998779 0.038332 95.655006 -0.037380 -0.037159 0.998610 0.548722 0.000000 0.000000 0.000000 1.000000
0.998852 -0.031108 0.036416 -11.552443 0.029687 0.998801 0.038934 95.539490 -0.037584 -0.037808 0.998578 0.531082 0.000000 0.000000 0.000000 1.000000
0.998876 -0.029746 0.036893 -11.674335 0.028281 0.998814 0.039622 95.413597 -0.038028 -0.038534 0.998533 0.515251 0.000000 0.000000 0.000000 1.000000
0.998887 -0.028519 0.037566 -11.790498 0.027000 0.998821 0.040337 95.282593 -0.038672 -0.039278 0.998480 0.497948 0.000000 0.000000 0.000000 1.000000
0.998887 -0.027450 0.038365 -11.879766 0.025871 0.998822 0.041057 95.158417 -0.039447 -0.040019 0.998420 0.477276 0.000000 0.000000 0.000000 1.000000
0.998879 -0.026528 0.039207 -11.919350 0.024886 0.998817 0.041787 95.055656 -0.040269 -0.040765 0.998357 0.453631 0.000000 0.000000 0.000000 1.000000
0.998869 -0.025730 0.039994 -11.910248 0.024026 0.998806 0.042531 94.986610 -0.041040 -0.041522 0.998294 0.429094 0.000000 0.000000 0.000000 1.000000
0.998861 -0.025039 0.040615 -11.870535 0.023277 0.998792 0.043275 94.958176 -0.041649 -0.042280 0.998237 0.405997 0.000000 0.000000 0.000000 1.000000
0.998862 -0.024430 0.040966 -11.811595 0.022624 0.998776 0.043978 94.970734 -0.041990 -0.043001 0.998192 0.385760 0.000000 0.000000 0.000000 1.000000
0.998874 -0.023860 0.040996 -11.733415 0.022028 0.998763 0.044573 95.017113 -0.042009 -0.043620 0.998165 0.368540 0.000000 0.000000 0.000000 1.000000
0.998899 -0.023254 0.040737 -11.633740 0.021416 0.998758 0.044981 95.082939 -0.041733 -0.044059 0.998157 0.353563 0.000000 0.000000 0.000000 1.000000
0.998934 -0.022520 0.040292 -11.513149 0.020696 0.998767 0.045116 95.150192 -0.041258 -0.044234 0.998169 0.339509 0.000000 0.000000 0.000000 1.000000
0.998976 -0.021599 0.039757 -11.373567 0.019808 0.998795 0.044897 95.206284 -0.040679 -0.044064 0.998200 0.324639 0.000000 0.000000 0.000000 1.000000
0.999022 -0.020525 0.039169 -11.216866 0.018787 0.998845 0.044224 95.250771 -0.040032 -0.043445 0.998253 0.306640 0.000000 0.000000 0.000000 1.000000
0.999070 -0.019436 0.038499 -11.044779 0.017777 0.998918 0.042981 95.294670 -0.039292 -0.042256 0.998334 0.282619 0.000000 0.000000 0.000000 1.000000
0.999117 -0.018522 0.037703 -10.859429 0.016970 0.999012 0.041075 95.352829 -0.038427 -0.040399 0.998444 0.249721 0.000000 0.000000 0.000000 1.000000
0.999163 -0.017911 0.036784 -10.662732 0.016492 0.999121 0.038534 95.434235 -0.037442 -0.037895 0.998580 0.206627 0.000000 0.000000 0.000000 1.000000
0.999205 -0.017603 0.035768 -10.455962 0.016331 0.999234 0.035567 95.536980 -0.036366 -0.034954 0.998727 0.155007 0.000000 0.000000 0.000000 1.000000
0.999247 -0.017465 0.034639 -10.239664 0.016340 0.999338 0.032515 95.650063 -0.035184 -0.031925 0.998871 0.099486 0.000000 0.000000 0.000000 1.000000
0.999295 -0.017321 0.033297 -10.014094 0.016334 0.999425 0.029704 95.760826 -0.033792 -0.029140 0.999004 0.045582 0.000000 0.000000 0.000000 1.000000
0.999355 -0.017043 0.031600 -9.779845 0.016182 0.999496 0.027299 95.847321 -0.032049 -0.026770 0.999128 -0.003027 0.000000 0.000000 0.000000 1.000000
0.999428 -0.016601 0.029478 -9.537919 0.015857 0.999555 0.025279 95.918884 -0.029884 -0.024797 0.999246 -0.045718 0.000000 0.000000 0.000000 1.000000
0.999506 -0.016055 0.027014 -9.289533 0.015421 0.999605 0.023516 95.979942 -0.027381 -0.023088 0.999358 -0.083990 0.000000 0.000000 0.000000 1.000000
0.999582 -0.015457 0.024448 -9.036490 0.014923 0.999649 0.021886 96.032501 -0.024778 -0.021512 0.999461 -0.119478 0.000000 0.000000 0.000000 1.000000
0.999645 -0.014858 0.022102 -8.780287 0.014409 0.999689 0.020331 96.078629 -0.022397 -0.020005 0.999549 -0.153016 0.000000 0.000000 0.000000 1.000000
0.999693 -0.014279 0.020266 -8.522255 0.013897 0.999725 0.018874 96.120613 -0.020530 -0.018586 0.999616 -0.184402 0.000000 0.000000 0.000000 1.000000
0.999723 -0.013705 0.019114 -8.263596 0.013370 0.999757 0.017543 96.162102 -0.019350 -0.017283 0.999663 -0.213181 0.000000 0.000000 0.000000 1.000000
0.999740 -0.013120 0.018663 -8.005725 0.012816 0.999786 0.016267 96.208969 -0.018872 -0.016023 0.999693 -0.239880 0.000000 0.000000 0.000000 1.000000
0.999745 -0.012528 0.018783 -7.750077 0.012249 0.999815 0.014858 96.267685 -0.018965 -0.014624 0.999713 -0.266139 0.000000 0.000000 0.000000 1.000000
0.999744 -0.011927 0.019239 -7.497491 0.011676 0.999846 0.013132 96.341660 -0.019393 -0.012904 0.999729 -0.293154 0.000000 0.000000 0.000000 1.000000
0.999741 -0.011246 0.019777 -7.247412 0.011029 0.999878 0.011063 96.428802 -0.019899 -0.010842 0.999743 -0.319689 0.000000 0.000000 0.000000 1.000000
0.999741 -0.010366 0.020242 -6.998385 0.010188 0.999909 0.008845 96.520790 -0.020332 -0.008636 0.999756 -0.341556 0.000000 0.000000 0.000000 1.000000
0.999744 -0.009244 0.020660 -6.749276 0.009106 0.999936 0.006771 96.606232 -0.020721 -0.006581 0.999764 -0.353254 0.000000 0.000000 0.000000 1.000000
0.999743 -0.008003 0.021195 -6.500011 0.007897 0.999956 0.005054 96.673859 -0.021234 -0.004886 0.999763 -0.350453 0.000000 0.000000 0.000000 1.000000
0.999735 -0.006853 0.021983 -6.251135 0.006773 0.999970 0.003706 96.716965 -0.022008 -0.003556 0.999751 -0.331762 0.000000 0.000000 0.000000 1.000000
0.999719 -0.005919 0.022958 -6.002676 0.005861 0.999980 0.002557 96.736397 -0.022973 -0.002422 0.999733 -0.299020 0.000000 0.000000 0.000000 1.000000
0.999702 -0.005122 0.023851 -5.753360 0.005090 0.999986 0.001411 96.740135 -0.023858 -0.001289 0.999715 -0.255965 0.000000 0.000000 0.000000 1.000000
0.999695 -0.004224 0.024352 -5.501092 0.004220 0.999991 0.000226 96.739197 -0.024352 -0.000123 0.999703 -0.206068 0.000000 0.000000 0.000000 1.000000
0.999700 -0.002993 0.024296 -5.243752 0.003014 0.999995 -0.000831 96.743568 -0.024293 0.000904 0.999704 -0.151480 0.000000 0.000000 0.000000 1.000000
0.999718 -0.001367 0.023721 -4.980298 0.001403 0.999998 -0.001506 96.760605 -0.023719 0.001538 0.999717 -0.093756 0.000000 0.000000 0.000000 1.000000
0.999740 0.000517 0.022800 -4.710721 -0.000481 0.999999 -0.001624 96.794113 -0.022801 0.001613 0.999739 -0.035043 0.000000 0.000000 0.000000 1.000000
0.999761 0.002419 0.021723 -4.435682 -0.002393 0.999996 -0.001192 96.842239 -0.021726 0.001140 0.999763 0.021651 0.000000 0.000000 0.000000 1.000000
0.999779 0.004149 0.020600 -4.155478 -0.004143 0.999991 -0.000368 96.897171 -0.020601 0.000283 0.999788 0.073140 0.000000 0.000000 0.000000 1.000000
0.999795 0.005681 0.019420 -3.869497 -0.005694 0.999984 0.000639 96.948692 -0.019416 -0.000750 0.999811 0.117013 0.000000 0.000000 0.000000 1.000000
0.999811 0.007140 0.018091 -3.576249 -0.007171 0.999973 0.001668 96.989456 -0.018078 -0.001798 0.999835 0.151893 0.000000 0.000000 0.000000 1.000000
0.999826 0.008683 0.016521 -3.274028 -0.008727 0.999959 0.002612 97.018951 -0.016498 -0.002756 0.999860 0.176933 0.000000 0.000000 0.000000 1.000000
0.999839 0.010389 0.014659 -2.961668 -0.010440 0.999940 0.003395 97.041718 -0.014623 -0.003548 0.999887 0.191442 0.000000 0.000000 0.000000 1.000000
0.999847 0.012261 0.012458 -2.638595 -0.012312 0.999916 0.003992 97.062073 -0.012408 -0.004145 0.999914 0.195242 0.000000 0.000000 0.000000 1.000000
0.999850 0.014270 0.009848 -2.304357 -0.014315 0.999888 0.004474 97.080490 -0.009783 -0.004614 0.999941 0.188547 0.000000 0.000000 0.000000 1.000000
0.999843 0.016351 0.006759 -1.958177 -0.016385 0.999853 0.004982 97.093567 -0.006677 -0.005092 0.999965 0.171284 0.000000 0.000000 0.000000 1.000000
0.999826 0.018393 0.003187 -1.599404 -0.018411 0.999814 0.005667 97.096825 -0.003082 -0.005725 0.999979 0.142637 0.000000 0.000000 0.000000 1.000000
0.999794 0.020288 -0.000780 -1.228316 -0.020282 0.999772 0.006637 97.087204 0.000915 -0.006620 0.999978 0.101413 0.000000 0.000000 0.000000 1.000000
0.999746 0.021992 -0.004988 -0.845096 -0.021952 0.999728 0.007933 97.064049 0.005161 -0.007821 0.999956 0.048172 0.000000 0.000000 0.000000 1.000000
0.999680 0.023552 -0.009262 -0.451316 -0.023463 0.999679 0.009527 97.028244 0.009483 -0.009307 0.999912 -0.014980 0.000000 0.000000 0.000000 1.000000
0.999596 0.025056 -0.013452 -0.049085 -0.024904 0.999626 0.011342 96.981194 0.013732 -0.011002 0.999845 -0.085128 0.000000 0.000000 0.000000 1.000000
0.999494 0.026574 -0.017458 0.359326 -0.026344 0.999565 0.013252 96.924126 0.017802 -0.012785 0.999760 -0.160271 0.000000 0.000000 0.000000 1.000000
0.999379 0.028123 -0.021244 0.771669 -0.027806 0.999499 0.015102 96.858437 0.021658 -0.014502 0.999660 -0.240511 0.000000 0.000000 0.000000 1.000000
0.999250 0.029704 -0.024860 1.185562 -0.029293 0.999431 0.016746 96.785843 0.025344 -0.016005 0.999551 -0.327559 0.000000 0.000000 0.000000 1.000000
0.999104 0.031354 -0.028422 1.598738 -0.030846 0.999360 0.018113 96.709267 0.028972 -0.017220 0.999432 -0.422643 0.000000 0.000000 0.000000 1.000000
0.998937 0.033151 -0.032042 2.009030 -0.032546 0.999285 0.019238 96.631042 0.032657 -0.018174 0.999301 -0.524975 0.000000 0.000000 0.000000 1.000000
0.998742 0.035170 -0.035735 2.414289 -0.034463 0.999201 0.020236 96.551704 0.036418 -0.018979 0.999156 -0.631945 0.000000 0.000000 0.000000 1.000000
0.998523 0.037430 -0.039386 2.812404 -0.036614 0.999104 0.021249 96.468979 0.040146 -0.019775 0.998998 -0.740398 0.000000 0.000000 0.000000 1.000000
0.998285 0.039904 -0.042839 3.200611 -0.038972 0.998990 0.022385 96.378548 0.043689 -0.020677 0.998831 -0.847908 0.000000 0.000000 0.000000 1.000000
0.998033 0.042548 -0.046031 3.576299 -0.041490 0.998858 0.023705 96.274628 0.046987 -0.021749 0.998659 -0.953147 0.000000 0.000000 0.000000 1.000000
0.997767 0.045304 -0.049079 3.936623 -0.044106 0.998708 0.025224 96.152901 0.050158 -0.023003 0.998476 -1.054900 0.000000 0.000000 0.000000 1.000000
0.997477 0.048074 -0.052228 4.278696 -0.046716 0.998545 0.026926 96.013542 0.053446 -0.024419 0.998272 -1.151936 0.000000 0.000000 0.000000 1.000000
0.997158 0.050716 -0.055704 4.599305 -0.049171 0.998376 0.028764 95.864525 0.057073 -0.025943 0.998033 -1.243415 0.000000 0.000000 0.000000 1.000000
0.996812 0.053083 -0.059560 4.895063 -0.051326 0.998211 0.030661 95.716522 0.061082 -0.027507 0.997754 -1.328837 0.000000 0.000000 0.000000 1.000000
0.996454 0.055082 -0.063608 5.162938 -0.053093 0.998059 0.032537 95.570274 0.065277 -0.029045 0.997444 -1.407221 0.000000 0.000000 0.000000 1.000000
0.996109 0.056670 -0.067486 5.399997 -0.054449 0.997927 0.034314 95.455215 0.069291 -0.030506 0.997130 -1.476555 0.000000 0.000000 0.000000 1.000000
0.995810 0.057862 -0.070818 5.603848 -0.055425 0.997817 0.035916 95.367447 0.072741 -0.031840 0.996842 -1.534028 0.000000 0.000000 0.000000 1.000000
0.995579 0.058674 -0.073349 5.772478 -0.056055 0.997732 0.037259 95.295967 0.075369 -0.032983 0.996610 -1.577107 0.000000 0.000000 0.000000 1.000000
0.995430 0.059094 -0.075017 5.903668 -0.056345 0.997678 0.038248 95.231483 0.077103 -0.033847 0.996448 -1.604843 0.000000 0.000000 0.000000 1.000000
0.995360 0.059099 -0.075933 5.994320 -0.056276 0.997661 0.038796 95.172256 0.078048 -0.034343 0.996358 -1.618630 0.000000 0.000000 0.000000 1.000000
0.995356 0.058686 -0.076302 6.040939 -0.055844 0.997683 0.038860 95.123779 0.078405 -0.034418 0.996327 -1.621785 0.000000 0.000000 0.000000 1.000000
0.995402 0.057891 -0.076316 6.040724 -0.055077 0.997741 0.038474 95.094620 0.078371 -0.034094 0.996341 -1.618139 0.000000 0.000000 0.000000 1.000000
0.995485 0.056774 -0.076071 5.993262 -0.054023 0.997826 0.037748 95.091980 0.078048 -0.033468 0.996388 -1.610653 0.000000 0.000000 0.000000 1.000000
0.995603 0.055387 -0.075545 5.900445 -0.052721 0.997930 0.036835 95.119431 0.077429 -0.032690 0.996462 -1.600753 0.000000 0.000000 0.000000 1.000000
0.995760 0.053730 -0.074665 5.765211 -0.051163 0.998046 0.035872 95.175919 0.076446 -0.031900 0.996563 -1.588443 0.000000 0.000000 0.000000 1.000000
0.995960 0.051771 -0.073376 5.590241 -0.049312 0.998172 0.034933 95.257133 0.075050 -0.031174 0.996692 -1.572926 0.000000 0.000000 0.000000 1.000000
0.996199 0.049487 -0.071685 5.377899 -0.047143 0.998309 0.034024 95.357201 0.073247 -0.030515 0.996847 -1.553252 0.000000 0.000000 0.000000 1.000000
0.996467 0.046925 -0.069648 5.130875 -0.044705 0.998452 0.033102 95.469536 0.071094 -0.029872 0.997022 -1.528841 0.000000 0.000000 0.000000 1.000000
0.996748 0.044223 -0.067367 4.852472 -0.042135 0.998596 0.032111 95.586617 0.068692 -0.029168 0.997211 -1.499893 0.000000 0.000000 0.000000 1.000000
0.997019 0.041562 -0.065003 4.546416 -0.039612 0.998734 0.031004 95.700256 0.066209 -0.028336 0.997403 -1.467200 0.000000 0.000000 0.000000 1.000000
0.997261 0.039092 -0.062780 4.216119 -0.037281 0.998861 0.029779 95.802925 0.063873 -0.027356 0.997583 -1.431453 0.000000 0.000000 0.000000 1.000000
0.997461 0.036865 -0.060927 3.864477 -0.035180 0.998975 0.028491 95.889648 0.061915 -0.026275 0.997736 -1.392350 0.000000 0.000000 0.000000 1.000000
0.997614 0.034838 -0.059599 3.493578 -0.033263 0.999076 0.027226 95.959404 0.060492 -0.025179 0.997851 -1.348471 0.000000 0.000000 0.000000 1.000000
0.997725 0.032936 -0.058824 3.105442 -0.031448 0.999166 0.026047 96.015274 0.059633 -0.024138 0.997929 -1.298236 0.000000 0.000000 0.000000 1.000000
0.997804 0.031087 -0.058481 2.702112 -0.029669 0.999248 0.024972 96.065445 0.059213 -0.023182 0.997976 -1.241150 0.000000 0.000000 0.000000 1.000000
0.997869 0.029226 -0.058329 2.285817 -0.027866 0.999323 0.024002 96.119865 0.058991 -0.022325 0.998009 -1.178247 0.000000 0.000000 0.000000 1.000000
0.997939 0.027272 -0.058084 1.858740 -0.025964 0.999394 0.023167 96.185738 0.058681 -0.021611 0.998043 -1.111713 0.000000 0.000000 0.000000 1.000000
0.998027 0.025146 -0.057526 1.423113 -0.023883 0.999461 0.022526 96.262909 0.058061 -0.021108 0.998090 -1.044156 0.000000 0.000000 0.000000 1.000000
0.998138 0.022818 -0.056575 0.981438 -0.021595 0.999522 0.022135 96.342957 0.057053 -0.020872 0.998153 -0.977850 0.000000 0.000000 0.000000 1.000000
0.998262 0.020344 -0.055305 0.536515 -0.019151 0.999574 0.022019 96.412918 0.055730 -0.020921 0.998227 -0.913932 0.000000 0.000000 0.000000 1.000000
0.998388 0.017835 -0.053888 0.091477 -0.016662 0.999616 0.022148 96.462570 0.054262 -0.021215 0.998301 -0.852084 0.000000 0.000000 0.000000 1.000000
0.998503 0.015382 -0.052497 -0.350668 -0.014221 0.999647 0.022420 96.488968 0.052823 -0.021640 0.998369 -0.790933 0.000000 0.000000 0.000000 1.000000
0.998603 0.012996 -0.051225 -0.787393 -0.011847 0.999673 0.022673 96.497345 0.051502 -0.022034 0.998430 -0.728757 0.000000 0.000000 0.000000 1.000000
0.998690 0.010613 -0.050056 -1.216748 -0.009483 0.999696 0.022759 96.496773 0.050282 -0.022254 0.998487 -0.663972 0.000000 0.000000 0.000000 1.000000
0.998770 0.008160 -0.048897 -1.636876 -0.007060 0.999719 0.022624 96.497116 0.049068 -0.022251 0.998548 -0.595393 0.000000 0.000000 0.000000 1.000000
0.998849 0.005630 -0.047633 -2.045272 -0.004571 0.999740 0.022318 96.504700 0.047747 -0.022075 0.998616 -0.522819 0.000000 0.000000 0.000000 1.000000
0.998929 0.003069 -0.046171 -2.438368 -0.002058 0.999757 0.021935 96.520088 0.046227 -0.021817 0.998693 -0.447731 0.000000 0.000000 0.000000 1.000000
0.999011 0.000522 -0.044465 -2.812772 0.000436 0.999768 0.021537 96.539185 0.044466 -0.021536 0.998779 -0.373529 0.000000 0.000000 0.000000 1.000000
0.999094 -0.002026 -0.042519 -3.167786 0.002926 0.999773 0.021119 96.558258 0.042467 -0.021224 0.998872 -0.304723 0.000000 0.000000 0.000000 1.000000
0.999174 -0.004634 -0.040381 -3.506720 0.005470 0.999772 0.020628 96.577614 0.040277 -0.020832 0.998971 -0.245626 0.000000 0.000000 0.000000 1.000000
0.999246 -0.007328 -0.038137 -3.834786 0.008096 0.999767 0.020033 96.602173 0.037981 -0.020327 0.999072 -0.198900 0.000000 0.000000 0.000000 1.000000
0.999305 -0.010022 -0.035908 -4.155265 0.010723 0.999755 0.019384 96.637932 0.035705 -0.019755 0.999167 -0.164835 0.000000 0.000000 0.000000 1.000000
0.999349 -0.012507 -0.033843 -4.467962 0.013149 0.999736 0.018820 96.686516 0.033599 -0.019253 0.999250 -0.141631 0.000000 0.000000 0.000000 1.000000
0.999379 -0.014548 -0.032082 -4.770922 0.015147 0.999714 0.018496 96.742058 0.031804 -0.018971 0.999314 -0.126341 0.000000 0.000000 0.000000 1.000000
0.999400 -0.016040 -0.030706 -5.063064 0.016612 0.999691 0.018465 96.793198 0.030401 -0.018964 0.999358 -0.116100 0.000000 0.000000 0.000000 1.000000
0.999413 -0.017083 -0.029701 -5.345122 0.017642 0.999671 0.018646 96.829544 0.029373 -0.019159 0.999385 -0.108996 0.000000 0.000000 0.000000 1.000000
0.999419 -0.017928 -0.028975 -5.618846 0.018481 0.999650 0.018913 96.847374 0.028626 -0.019437 0.999401 -0.104266 0.000000 0.000000 0.000000 1.000000
0.999419 -0.018830 -0.028406 -5.885745 0.019380 0.999628 0.019206 96.850670 0.028034 -0.019746 0.999412 -0.102260 0.000000 0.000000 0.000000 1.000000
0.999413 -0.019914 -0.027886 -6.146503 0.020463 0.999599 0.019551 96.845467 0.027486 -0.020110 0.999420 -0.104497 0.000000 0.000000 0.000000 1.000000
0.999403 -0.021121 -0.027329 -6.400743 0.021671 0.999565 0.019992 96.837280 0.026894 -0.020572 0.999427 -0.113654 0.000000 0.000000 0.000000 1.000000
0.999397 -0.022258 -0.026654 -6.647421 0.022808 0.999529 0.020529 96.828308 0.026185 -0.021124 0.999434 -0.133111 0.000000 0.000000 0.000000 1.000000
0.999400 -0.023103 -0.025789 -6.885263 0.023650 0.999498 0.021101 96.816597 0.025289 -0.021698 0.999445 -0.165753 0.000000 0.000000 0.000000 1.000000
0.999419 -0.023514 -0.024675 -7.113532 0.024049 0.999477 0.021626 96.797279 0.024153 -0.022207 0.999462 -0.212573 0.000000 0.000000 0.000000 1.000000
0.999453 -0.023477 -0.023275 -7.332140 0.023991 0.999469 0.022060 96.765213 0.022744 -0.022606 0.999486 -0.271994 0.000000 0.000000 0.000000 1.000000
0.999500 -0.023105 -0.021569 -7.541762 0.023588 0.999470 0.022430 96.718033 0.021040 -0.022927 0.999516 -0.340589 0.000000 0.000000 0.000000 1.000000
0.999554 -0.022579 -0.019545 -7.743434 0.023023 0.999474 0.022826 96.657928 0.019020 -0.023265 0.999548 -0.414600 0.000000 0.000000 0.000000 1.000000
0.999608 -0.022069 -0.017205 -7.938107 0.022468 0.999475 0.023343 96.590698 0.016681 -0.023720 0.999579 -0.491084 0.000000 0.000000 0.000000 1.000000
0.999659 -0.021661 -0.014582 -8.126255 0.022008 0.999469 0.024020 96.523064 0.014054 -0.024332 0.999605 -0.568205 0.000000 0.000000 0.000000 1.000000
0.999704 -0.021322 -0.011732 -8.307763 0.021608 0.999459 0.024807 96.459755 0.011197 -0.025053 0.999623 -0.644812 0.000000 0.000000 0.000000 1.000000
0.999743 -0.020927 -0.008677 -8.481923 0.021143 0.999449 0.025601 96.404480 0.008136 -0.025778 0.999635 -0.719838 0.000000 0.000000 0.000000 1.000000
0.999779 -0.020350 -0.005345 -8.647926 0.020483 0.999444 0.026315 96.361229 0.004807 -0.026419 0.999639 -0.791668 0.000000 0.000000 0.000000 1.000000
0.999808 -0.019539 -0.001581 -8.805525 0.019574 0.999445 0.026940 96.331528 0.001054 -0.026966 0.999636 -0.858234 0.000000 0.000000 0.000000 1.000000
0.999824 -0.018545 0.002781 -8.955000 0.018461 0.999450 0.027542 96.310089 -0.003290 -0.027485 0.999617 -0.917434 0.000000 0.000000 0.000000 1.000000
0.999817 -0.017484 0.007813 -9.097111 0.017257 0.999453 0.028218 96.284500 -0.008302 -0.028078 0.999571 -0.967812 0.000000 0.000000 0.000000 1.000000
0.999774 -0.016492 0.013430 -9.232704 0.016097 0.999448 0.029052 96.241043 -0.013901 -0.028829 0.999488 -1.009096 0.000000 0.000000 0.000000 1.000000
0.999689 -0.015685 0.019384 -9.362513 0.015098 0.999433 0.030082 96.173302 -0.019845 -0.029780 0.999359 -1.042288 0.000000 0.000000 0.000000 1.000000
0.999564 -0.015133 0.025343 -9.486925 0.014338 0.999408 0.031275 96.086586 -0.025801 -0.030898 0.999189 -1.069523 0.000000 0.000000 0.000000 1.000000
0.999408 -0.014856 0.031024 -9.606073 0.013846 0.999375 0.032519 95.994728 -0.031487 -0.032070 0.998990 -1.093656 0.000000 0.000000 0.000000 1.000000
0.999231 -0.014823 0.036297 -9.719762 0.013602 0.999341 0.033656 95.911026 -0.036772 -0.033136 0.998774 -1.117908 0.000000 0.000000 0.000000 1.000000
0.999039 -0.014975 0.041191 -9.827638 0.013555 0.999311 0.034544 95.842575 -0.041680 -0.033952 0.998554 -1.145314 0.000000 0.000000 0.000000 1.000000
0.998834 -0.015257 0.045801 -9.929502 0.013653 0.999290 0.035120 95.788582 -0.046304 -0.034454 0.998333 -1.177768 0.000000 0.000000 0.000000 1.000000
0.998617 -0.015645 0.050186 -10.025120 0.013875 0.999276 0.035421 95.743553 -0.050704 -0.034675 0.998112 -1.215236 0.000000 0.000000 0.000000 1.000000
0.998393 -0.016148 0.054323 -10.114739 0.014228 0.999267 0.035541 95.703201 -0.054858 -0.034711 0.997891 -1.255891 0.000000 0.000000 0.000000 1.000000
0.998168 -0.016756 0.058134 -10.198393 0.014702 0.999259 0.035576 95.666069 -0.058687 -0.034657 0.997675 -1.296929 0.000000 0.000000 0.000000 1.000000
0.997953 -0.017377 0.061538 -10.275628 0.015206 0.999251 0.035572 95.632660 -0.062110 -0.034564 0.997471 -1.335549 0.000000 0.000000 0.000000 1.000000
0.997757 -0.017843 0.064519 -10.345429 0.015573 0.999248 0.035513 95.604065 -0.065104 -0.034429 0.997284 -1.369793 0.000000 0.000000 0.000000 1.000000
0.997580 -0.017989 0.067168 -10.406681 0.015639 0.999253 0.035348 95.581375 -0.067753 -0.034212 0.997115 -1.398484 0.000000 0.000000 0.000000 1.000000
0.997413 -0.017762 0.069659 -10.459012 0.015349 0.999268 0.035035 95.566307 -0.070230 -0.033875 0.996955 -1.420346 0.000000 0.000000 0.000000 1.000000
0.997244 -0.017264 0.072160 -10.503426 0.014798 0.999293 0.034574 95.561195 -0.072706 -0.033410 0.996794 -1.433189 0.000000 0.000000 0.000000 1.000000
0.997064 -0.016686 0.074737 -10.541309 0.014175 0.999321 0.033998 95.568405 -0.075253 -0.032839 0.996624 -1.434161 0.000000 0.000000 0.000000 1.000000
