<?xml version="1.0" encoding="utf-8"?>
<COLLADA xmlns="http://www.collada.org/2005/11/COLLADASchema" version="1.4.1">
  <asset>
    <contributor>
      <author>Mixamo</author>
      <authoring_tool>COLLADA Mixamo exporter</authoring_tool>
      <comments/>
    </contributor>
    <created>2025-11-13T15:22:25Z</created>
    <modified>2025-11-13T15:22:25Z</modified>
    <revision/>
    <title/>
    <unit meter="0.010000"/>
    <up_axis>Y_UP</up_axis>
  </asset>
  <library_animations>
    <animation id="mixamorig4_Hips-anim" name="mixamorig4_Hips">
      <source id="mixamorig4_Hips-Matrix-animation-input">
        <float_array id="mixamorig4_Hips-Matrix-animation-input-array" count="46">

0.000000 0.033333 0.066667 0.100000 0.133333 0.166667 0.200000 0.233333 0.266667 0.300000 0.333333 0.366667 0.400000 0.433333 0.466667 0.500000
0.533333 0.566667 0.600000 0.633333 0.666667 0.700000 0.733333 0.766667 0.800000 0.833333 0.866667 0.900000 0.933333 0.966667 1.000000 1.033333
1.066667 1.100000 1.133333 1.166667 1.200000 1.233333 1.266667 1.300000 1.333333 1.366667 1.400000 1.433333 1.466667 1.500000</float_array>
        <technique_common>
          <accessor source="#mixamorig4_Hips-Matrix-animation-input-array" count="46">
            <param name="TIME" type="float"/>
          </accessor>
        </technique_common>
      </source>
      <source id="mixamorig4_Hips-Matrix-animation-output-transform">
        <float_array id="mixamorig4_Hips-Matrix-animation-output-transform-array" count="736">

0.665281 0.027237 -0.746096 0.227557 -0.022254 0.999614 0.016649 92.286583 0.746261 0.005527 0.665630 -0.032159 0.000000 0.000000 0.000000 1.000000
0.681596 0.025136 -0.731297 0.064513 -0.021278 0.999668 0.014529 91.944489 0.731419 0.005658 0.681905 -0.286139 0.000000 0.000000 0.000000 1.000000
0.711754 0.028446 -0.701853 -0.117050 -0.033458 0.999418 0.006576 91.544357 0.701632 0.018802 0.712292 -0.414702 0.000000 0.000000 0.000000 1.000000
0.759675 0.047071 -0.648598 -0.401096 -0.064037 0.997944 -0.002579 91.280128 0.647143 0.043494 0.761127 -0.231435 0.000000 0.000000 0.000000 1.000000
0.815737 0.086337 -0.571943 -0.892482 -0.110171 0.993887 -0.007100 91.178162 0.567834 0.068803 0.820262 0.390274 0.000000 0.000000 0.000000 1.000000
0.864853 0.141593 -0.481643 -1.534042 -0.163117 0.986603 -0.002858 90.913177 0.474786 0.081035 0.876363 1.517308 0.000000 0.000000 0.000000 1.000000
0.901225 0.202018 -0.383384 -2.089981 -0.214397 0.976688 0.010666 90.080322 0.376601 0.072584 0.923528 3.145190 0.000000 0.000000 0.000000 1.000000
0.926788 0.253570 -0.277067 -2.336586 -0.255376 0.966370 0.030185 88.649452 0.275404 0.042781 0.960376 5.214198 0.000000 0.000000 0.000000 1.000000
0.945256 0.278003 -0.170898 -2.142302 -0.273142 0.960578 0.051811 87.110863 0.178565 -0.002295 0.983925 7.613400 0.000000 0.000000 0.000000 1.000000
0.959862 0.268099 -0.082391 -1.458054 -0.262044 0.961951 0.077346 86.141449 0.099992 -0.052651 0.993594 10.147874 0.000000 0.000000 0.000000 1.000000
0.970239 0.241578 -0.016597 -0.457541 -0.238207 0.964521 0.113825 86.140747 0.043506 -0.106484 0.993362 12.463449 0.000000 0.000000 0.000000 1.000000
0.974234 0.221743 0.041207 0.380535 -0.225511 0.960617 0.162360 87.039551 -0.003581 -0.167469 0.985871 14.058663 0.000000 0.000000 0.000000 1.000000
0.970515 0.213866 0.111185 0.625499 -0.233270 0.949518 0.209765 88.493294 -0.060710 -0.229516 0.971410 14.915559 0.000000 0.000000 0.000000 1.000000
0.955978 0.215607 0.199046 0.310211 -0.260569 0.935677 0.237935 90.452576 -0.134942 -0.279326 0.950667 15.355370 0.000000 0.000000 0.000000 1.000000
0.929021 0.228414 0.291113 -0.341282 -0.301602 0.923221 0.238115 92.644318 -0.214373 -0.309014 0.926582 15.396191 0.000000 0.000000 0.000000 1.000000
0.893739 0.254200 0.369612 -1.090000 -0.349307 0.911325 0.217878 94.684441 -0.281452 -0.323834 0.903281 15.176807 0.000000 0.000000 0.000000 1.000000
0.858983 0.293973 0.419200 -1.232481 -0.401784 0.894513 0.196001 96.366379 -0.317361 -0.336789 0.886485 15.119672 0.000000 0.000000 0.000000 1.000000
0.836591 0.349048 0.422234 0.342057 -0.456354 0.870432 0.184634 97.571190 -0.303080 -0.347151 0.887484 14.962927 0.000000 0.000000 0.000000 1.000000
0.829393 0.418278 0.370339 3.652411 -0.505174 0.844575 0.177461 98.364487 -0.238550 -0.334271 0.911788 14.246358 0.000000 0.000000 0.000000 1.000000
0.829206 0.481202 0.284363 7.256161 -0.537081 0.826848 0.166934 99.027504 -0.154796 -0.291149 0.944071 13.178461 0.000000 0.000000 0.000000 1.000000
0.835960 0.507101 0.209809 9.176600 -0.541857 0.823277 0.169136 99.324249 -0.086962 -0.255077 0.963002 12.356256 0.000000 0.000000 0.000000 1.000000
0.854099 0.486926 0.182808 8.789082 -0.517499 0.830769 0.204983 98.622559 -0.052060 -0.269679 0.961542 12.187017 0.000000 0.000000 0.000000 1.000000
0.874665 0.439059 0.205400 7.203613 -0.481283 0.837056 0.260200 97.158951 -0.057688 -0.326443 0.943455 12.814600 0.000000 0.000000 0.000000 1.000000
0.889979 0.387078 0.241056 5.682747 -0.447576 0.842650 0.299359 95.826607 -0.087251 -0.374314 0.923188 13.573454 0.000000 0.000000 0.000000 1.000000
0.907857 0.339172 0.246491 4.463370 -0.404839 0.862071 0.304859 95.117622 -0.109093 -0.376558 0.919947 14.448822 0.000000 0.000000 0.000000 1.000000
0.933527 0.286782 0.215134 3.413042 -0.340693 0.896464 0.283340 94.910248 -0.111603 -0.337800 0.934578 15.004522 0.000000 0.000000 0.000000 1.000000
0.959441 0.224127 0.170995 2.559359 -0.262753 0.930733 0.254357 94.853981 -0.102142 -0.288970 0.951874 15.626446 0.000000 0.000000 0.000000 1.000000
0.976896 0.164706 0.136181 1.970853 -0.193390 0.952493 0.235280 94.606819 -0.090959 -0.256181 0.962340 16.464085 0.000000 0.000000 0.000000 1.000000
0.984786 0.126188 0.119473 1.678917 -0.151130 0.961288 0.230403 94.101196 -0.085774 -0.244953 0.965733 17.236103 0.000000 0.000000 0.000000 1.000000
0.985937 0.108420 0.127173 1.629851 -0.135665 0.963632 0.230237 93.564651 -0.097586 -0.244252 0.964789 17.692968 0.000000 0.000000 0.000000 1.000000
0.983333 0.094938 0.155057 1.681652 -0.128390 0.966445 0.222487 93.186043 -0.128731 -0.238687 0.962526 17.825552 0.000000 0.000000 0.000000 1.000000
0.981960 0.073295 0.174308 1.699483 -0.108820 0.972918 0.203932 92.982910 -0.154640 -0.219222 0.963342 17.737995 0.000000 0.000000 0.000000 1.000000
0.987512 0.047540 0.150200 1.608714 -0.074493 0.980974 0.179278 92.926773 -0.138820 -0.188228 0.972265 17.522806 0.000000 0.000000 0.000000 1.000000
0.996621 0.034363 0.074606 1.354152 -0.045444 0.987285 0.152323 93.012268 -0.068423 -0.155199 0.985511 17.205830 0.000000 0.000000 0.000000 1.000000
0.998627 0.041330 -0.032174 0.765387 -0.037030 0.991545 0.124365 92.967361 0.037042 -0.123003 0.991715 16.528587 0.000000 0.000000 0.000000 1.000000
0.987876 0.062367 -0.142165 -0.124593 -0.048653 0.993998 0.097983 92.886520 0.147423 -0.089878 0.984981 15.352488 0.000000 0.000000 0.000000 1.000000
0.966817 0.081536 -0.242110 -1.256606 -0.064720 0.994957 0.076627 92.775108 0.247137 -0.058415 0.967218 13.751980 0.000000 0.000000 0.000000 1.000000
0.938791 0.092778 -0.331759 -2.536186 -0.076310 0.995132 0.062358 92.641174 0.335930 -0.033225 0.941301 12.090858 0.000000 0.000000 0.000000 1.000000
0.904273 0.097703 -0.415625 -3.752914 -0.082457 0.995102 0.054521 92.594528 0.418916 -0.015030 0.907901 10.495543 0.000000 0.000000 0.000000 1.000000
0.860424 0.094576 -0.500726 -4.231924 -0.080509 0.995515 0.049688 92.537247 0.503179 -0.002440 0.864179 8.997605 0.000000 0.000000 0.000000 1.000000
0.804303 0.083852 -0.588273 -3.950043 -0.072307 0.996448 0.043172 92.533981 0.589803 0.007813 0.807509 7.545556 0.000000 0.000000 0.000000 1.000000
0.739937 0.067324 -0.669299 -3.347666 -0.062281 0.997562 0.031490 92.534698 0.669787 0.018384 0.742326 6.100375 0.000000 0.000000 0.000000 1.000000
0.680809 0.050980 -0.730685 -2.518941 -0.056747 0.998248 0.016775 92.506744 0.730259 0.030044 0.682509 4.653296 0.000000 0.000000 0.000000 1.000000
0.664084 0.040980 -0.746534 -1.555055 -0.046479 0.998828 0.013483 92.461281 0.746212 0.025744 0.665211 3.105204 0.000000 0.000000 0.000000 1.000000
0.664855 0.033578 -0.746218 -0.598138 -0.033552 0.999323 0.015074 92.397263 0.746219 0.015016 0.665531 1.527212 0.000000 0.000000 0.000000 1.000000
0.665286 0.027193 -0.746093 0.226595 -0.022186 0.999615 0.016650 92.285385 0.746258 0.005476 0.665634 -0.029517 0.000000 0.000000 0.000000 1.000000</float_array>
        <technique_common>
          <accessor source="#mixamorig4_Hips-Matrix-animation-output-transform-array" count="46" stride="16">
            <param type="float4x4"/>
          </accessor>
        </technique_common>
      </source>
      <source id="mixamorig4_Hips-Interpolations">
        <Name_array id="mixamorig4_Hips-Interpolations-array" count="46">
 LINEAR LINEAR LINEAR LINEAR LINEAR LINEAR LINEAR LINEAR LINEAR LINEAR LINEAR
LINEAR LINEAR LINEAR LINEAR LINEAR LINEAR LINEAR LINEAR LINEAR LINEAR LINEAR LINEAR
LINEAR LINEAR LINEAR LINEAR LINEAR LINEAR LINEAR LINEAR LINEAR LINEAR LINEAR LINEAR
LINEAR LINEAR LINEAR LINEAR LINEAR LINEAR LINEAR LINEAR LINEAR LINEAR LINEAR</Name_array>
        <technique_common>
          <accessor source="#mixamorig4_Hips-Interpolations-array" count="46">
            <param type="name"/>
          </accessor>
        </technique_common>
      </source>
      <sampler id="mixamorig4_Hips-Matrix-animation-transform">
        <input semantic="INPUT" source="#mixamorig4_Hips-Matrix-animation-input"/>
        <input semantic="OUTPUT" source="#mixamorig4_Hips-Matrix-animation-output-transform"/>
        <input semantic="INTERPOLATION" source="#mixamorig4_Hips-Interpolations"/>
      </sampler>
      <channel source="#mixamorig4_Hips-Matrix-animation-transform" target="mixamorig4_Hips/matrix"/>
    </animation>
    <animation id="mixamorig4_Spine-anim" name="mixamorig4_Spine">
      <source id="mixamorig4_Spine-Matrix-animation-input">
        <float_array id="mixamorig4_Spine-Matrix-animation-input-array" count="46">

0.000000 0.033333 0.066667 0.100000 0.133333 0.166667 0.200000 0.233333 0.266667 0.300000 0.333333 0.366667 0.400000 0.433333 0.466667 0.500000
0.533333 0.566667 0.600000 0.633333 0.666667 0.700000 0.733333 0.766667 0.800000 0.833333 0.866667 0.900000 0.933333 0.966667 1.000000 1.033333
1.066667 1.100000 1.133333 1.166667 1.200000 1.233333 1.266667 1.300000 1.333333 1.366667 1.400000 1.433333 1.466667 1.500000</float_array>
        <technique_common>
          <accessor source="#mixamorig4_Spine-Matrix-animation-input-array" count="46">
            <param name="TIME" type="float"/>
          </accessor>
        </technique_common>
      </source>
      <source id="mixamorig4_Spine-Matrix-animation-output-transform">
        <float_array id="mixamorig4_Spine-Matrix-animation-output-transform-array" count="736">

0.999885 0.007051 0.013440 0.000000 -0.008147 0.996486 0.083357 9.927700 -0.012805 -0.083457 0.996429 -0.982900 0.000000 0.000000 0.000000 1.000000
0.999915 0.005318 0.011917 -0.000000 -0.006287 0.996544 0.082830 9.927700 -0.011436 -0.082898 0.996492 -0.982900 0.000000 0.000000 0.000000 1.000000
0.999943 -0.005510 0.009108 -0.000000 0.004732 0.996513 0.083309 9.927700 -0.009535 -0.083261 0.996482 -0.982900 0.000000 0.000000 0.000000 1.000000
0.999606 -0.027250 0.006680 0.000000 0.026581 0.996001 0.085291 9.927700 -0.008977 -0.085080 0.996334 -0.982900 0.000000 0.000000 0.000000 1.000000
0.998358 -0.056753 0.007830 0.000000 0.055833 0.994458 0.089080 9.927700 -0.012842 -0.088497 0.995994 -0.982900 0.000000 0.000000 0.000000 1.000000
0.996023 -0.087829 0.014956 0.000000 0.086040 0.991807 0.094422 9.927700 -0.023127 -0.092759 0.995420 -0.982900 0.000000 0.000000 0.000000 1.000000
0.993103 -0.114099 0.026996 0.000000 0.110877 0.988770 0.100197 9.927700 -0.038125 -0.096513 0.994601 -0.982900 0.000000 0.000000 0.000000 1.000000
0.990742 -0.129666 0.040203 0.000000 0.124870 0.986614 0.104879 9.927700 -0.053264 -0.098888 0.993672 -0.982900 0.000000 0.000000 0.000000 1.000000
0.990321 -0.128762 0.051816 0.000000 0.122655 0.986610 0.107499 9.927700 -0.064964 -0.100103 0.992854 -0.982900 0.000000 0.000000 0.000000 1.000000
0.992002 -0.110488 0.061037 0.000000 0.103488 0.988761 0.107899 9.927700 -0.072272 -0.100719 0.992286 -0.982900 0.000000 0.000000 0.000000 1.000000
0.994518 -0.080859 0.066295 0.000000 0.073556 0.991638 0.106038 9.927700 -0.074315 -0.100581 0.992150 -0.982900 0.000000 0.000000 0.000000 1.000000
0.996637 -0.047232 0.066963 0.000000 0.040319 0.994062 0.101074 9.927700 -0.071339 -0.098034 0.992623 -0.982900 0.000000 0.000000 0.000000 1.000000
0.998030 -0.017665 0.060204 0.000000 0.012029 0.995619 0.092729 9.927700 -0.061578 -0.091822 0.993870 -0.982900 0.000000 0.000000 0.000000 1.000000
0.999123 -0.001499 0.041835 0.000000 -0.001956 0.996595 0.082434 9.927700 -0.041816 -0.082444 0.995718 -0.982900 0.000000 0.000000 0.000000 1.000000
0.999910 0.003506 0.012915 0.000000 -0.004409 0.997493 0.070622 9.927700 -0.012635 -0.070672 0.997420 -0.982900 0.000000 0.000000 0.000000 1.000000
0.999708 0.005516 -0.023514 0.000000 -0.004172 0.998375 0.056825 9.927700 0.023789 -0.056711 0.998107 -0.982900 0.000000 0.000000 0.000000 1.000000
0.997707 0.000517 -0.067684 -0.000000 0.002274 0.999151 0.041146 9.927700 0.067647 -0.041206 0.996858 -0.982900 0.000000 0.000000 0.000000 1.000000
0.992659 -0.020580 -0.119179 0.000000 0.023695 0.999412 0.024776 9.927700 0.118599 -0.027418 0.992564 -0.982900 0.000000 0.000000 0.000000 1.000000
0.982762 -0.061194 -0.174452 -0.000000 0.063620 0.997939 0.008341 9.927700 0.173582 -0.019295 0.984630 -0.982900 0.000000 0.000000 0.000000 1.000000
0.968401 -0.111420 -0.223124 0.000000 0.112273 0.993638 -0.008900 9.927700 0.222697 -0.016432 0.974749 -0.982900 0.000000 0.000000 0.000000 1.000000
0.956696 -0.152028 -0.248235 -0.000000 0.150728 0.988275 -0.024349 9.927700 0.249026 -0.014121 0.968394 -0.982900 0.000000 0.000000 0.000000 1.000000
0.956432 -0.164996 -0.240863 0.000000 0.161955 0.986263 -0.032507 9.927700 0.242917 -0.007919 0.970015 -0.982900 0.000000 0.000000 0.000000 1.000000
0.965433 -0.147254 -0.215070 0.000000 0.143672 0.989099 -0.032282 9.927700 0.217479 0.000267 0.976065 -0.982900 0.000000 0.000000 0.000000 1.000000
0.975670 -0.109849 -0.189742 0.000000 0.107021 0.993939 -0.025116 9.927700 0.191351 0.004199 0.981513 -0.982900 0.000000 0.000000 0.000000 1.000000
0.983758 -0.066632 -0.166675 -0.000000 0.065783 0.997778 -0.010617 9.927700 0.167012 -0.000520 0.985955 -0.982900 0.000000 0.000000 0.000000 1.000000
0.989754 -0.027456 -0.140118 -0.000000 0.029261 0.999513 0.010836 9.927700 0.139752 -0.014825 0.990076 -0.982900 0.000000 0.000000 0.000000 1.000000
0.994290 0.006629 -0.106501 -0.000000 -0.002878 0.999371 0.035341 9.927700 0.106668 -0.034833 0.993684 -0.982900 0.000000 0.000000 0.000000 1.000000
0.997002 0.036213 -0.068374 0.000000 -0.032367 0.997876 0.056535 9.927700 0.070276 -0.054152 0.996057 -0.982900 0.000000 0.000000 0.000000 1.000000
0.997904 0.055894 -0.032621 -0.000000 -0.053500 0.996102 0.070128 9.927700 0.036413 -0.068236 0.997004 -0.982900 0.000000 0.000000 0.000000 1.000000
0.998164 0.060139 -0.007217 0.000000 -0.059406 0.995253 0.077091 9.927700 0.011819 -0.076521 0.996998 -0.982900 0.000000 0.000000 0.000000 1.000000
0.998581 0.052951 0.005691 -0.000000 -0.053239 0.995273 0.081229 9.927700 -0.001363 -0.081417 0.996679 -0.982900 0.000000 0.000000 0.000000 1.000000
0.999014 0.042598 0.012511 0.000000 -0.043510 0.995426 0.085057 9.927700 -0.008831 -0.085518 0.996298 -0.982900 0.000000 0.000000 0.000000 1.000000
0.999317 0.030555 0.020793 -0.000000 -0.032285 0.995531 0.088745 9.927700 -0.017988 -0.089355 0.995837 -0.982900 0.000000 0.000000 0.000000 1.000000
0.999425 0.012213 0.031641 0.000000 -0.015060 0.995704 0.091358 9.927700 -0.030389 -0.091782 0.995315 -0.982900 0.000000 0.000000 0.000000 1.000000
0.999049 -0.009160 0.042629 0.000000 0.005211 0.995760 0.091845 9.927700 -0.043290 -0.091536 0.994860 -0.982900 0.000000 0.000000 0.000000 1.000000
0.998319 -0.032586 0.047936 0.000000 0.028120 0.995449 0.091048 9.927700 -0.050685 -0.089547 0.994692 -0.982900 0.000000 0.000000 0.000000 1.000000
0.997561 -0.052857 0.045583 0.000000 0.048639 0.994831 0.089137 9.927700 -0.050059 -0.086702 0.994976 -0.982900 0.000000 0.000000 0.000000 1.000000
0.997122 -0.065933 0.037412 0.000000 0.062515 0.994317 0.086166 9.927700 -0.042881 -0.083580 0.995578 -0.982900 0.000000 0.000000 0.000000 1.000000
0.997113 -0.071060 0.026764 -0.000000 0.068616 0.994166 0.083219 9.927700 -0.032522 -0.081143 0.996172 -0.982900 0.000000 0.000000 0.000000 1.000000
0.997495 -0.068516 0.017606 0.000000 0.066870 0.994439 0.081362 9.927700 -0.023083 -0.079981 0.996529 -0.982900 0.000000 0.000000 0.000000 1.000000
0.997805 -0.065271 0.011163 0.000000 0.064153 0.994621 0.081318 9.927700 -0.016411 -0.080423 0.996626 -0.982900 0.000000 0.000000 0.000000 1.000000
0.997946 -0.063522 0.008252 0.000000 0.062626 0.994612 0.082613 9.927700 -0.013456 -0.081927 0.996547 -0.982900 0.000000 0.000000 0.000000 1.000000
0.998042 -0.062117 0.007325 -0.000000 0.061281 0.994549 0.084363 9.927700 -0.012525 -0.083749 0.996408 -0.982900 0.000000 0.000000 0.000000 1.000000
0.999021 -0.043360 0.008775 0.000000 0.042465 0.995517 0.084514 9.927700 -0.012400 -0.084058 0.996384 -0.982900 0.000000 0.000000 0.000000 1.000000
0.999792 -0.017090 0.011143 0.000000 0.016095 0.996342 0.083931 9.927700 -0.012537 -0.083734 0.996409 -0.982900 0.000000 0.000000 0.000000 1.000000
0.999884 0.007148 0.013445 0.000000 -0.008245 0.996486 0.083357 9.927700 -0.012802 -0.083458 0.996429 -0.982900 0.000000 0.000000 0.000000 1.000000</float_array>
        <technique_common>
          <accessor source="#mixamorig4_Spine-Matrix-animation-output-transform-array" count="46" stride="16">
            <param type="float4x4"/>
          </accessor>
        </technique_common>
      </source>
      <source id="mixamorig4_Spine-Interpolations">
        <Name_array id="mixamorig4_Spine-Interpolations-array" count="46">
 LINEAR LINEAR LINEAR LINEAR LINEAR LINEAR LINEAR LINEAR LINEAR LINEAR LINEAR
LINEAR LINEAR LINEAR LINEAR LINEAR LINEAR LINEAR LINEAR LINEAR LINEAR LINEAR LINEAR
LINEAR LINEAR LINEAR LINEAR LINEAR LINEAR LINEAR LINEAR LINEAR LINEAR LINEAR LINEAR
LINEAR LINEAR LINEAR LINEAR LINEAR LINEAR LINEAR LINEAR LINEAR LINEAR LINEAR</Name_array>
        <technique_common>
          <accessor source="#mixamorig4_Spine-Interpolations-array" count="46">
            <param type="name"/>
          </accessor>
        </technique_common>
      </source>
      <sampler id="mixamorig4_Spine-Matrix-animation-transform">
        <input semantic="INPUT" source="#mixamorig4_Spine-Matrix-animation-input"/>
        <input semantic="OUTPUT" source="#mixamorig4_Spine-Matrix-animation-output-transform"/>
        <input semantic="INTERPOLATION" source="#mixamorig4_Spine-Interpolations"/>
      </sampler>
      <channel source="#mixamorig4_Spine-Matrix-animation-transform" target="mixamorig4_Spine/matrix"/>
    </animation>
    <animation id="mixamorig4_Spine1-anim" name="mixamorig4_Spine1">
      <source id="mixamorig4_Spine1-Matrix-animation-input">
        <float_array id="mixamorig4_Spine1-Matrix-animation-input-array" count="46">

0.000000 0.033333 0.066667 0.100000 0.133333 0.166667 0.200000 0.233333 0.266667 0.300000 0.333333 0.366667 0.400000 0.433333 0.466667 0.500000
0.533333 0.566667 0.600000 0.633333 0.666667 0.700000 0.733333 0.766667 0.800000 0.833333 0.866667 0.900000 0.933333 0.966667 1.000000 1.033333
1.066667 1.100000 1.133333 1.166667 1.200000 1.233333 1.266667 1.300000 1.333333 1.366667 1.400000 1.433333 1.466667 1.500000</float_array>
        <technique_common>
          <accessor source="#mixamorig4_Spine1-Matrix-animation-input-array" count="46">
            <param name="TIME" type="float"/>
          </accessor>
        </technique_common>
      </source>
      <source id="mixamorig4_Spine1-Matrix-animation-output-transform">
        <float_array id="mixamorig4_Spine1-Matrix-animation-output-transform-array" count="736">

0.999562 -0.016086 0.024826 0.000000 0.016825 0.999413 -0.029850 11.639000 -0.024331 0.030255 0.999246 0.000000 0.000000 0.000000 0.000000 1.000000
0.999608 -0.017634 0.021739 0.000000 0.018303 0.999352 -0.030984 11.639000 -0.021179 0.031369 0.999283 -0.000000 0.000000 0.000000 0.000000 1.000000
0.999627 -0.021700 0.016587 -0.000000 0.022195 0.999296 -0.030254 11.639000 -0.015919 0.030611 0.999405 0.000000 0.000000 0.000000 0.000000 1.000000
0.999500 -0.029136 0.012305 0.000000 0.029455 0.999214 -0.026525 11.639000 -0.011522 0.026874 0.999572 0.000000 0.000000 0.000000 0.000000 1.000000
0.999118 -0.039293 0.014787 0.000000 0.039574 0.999032 -0.019230 11.639000 -0.014018 0.019798 0.999706 0.000000 0.000000 0.000000 0.000000 1.000000
0.998315 -0.050413 0.028729 -0.000000 0.050702 0.998669 -0.009421 11.639000 -0.028216 0.010862 0.999543 0.000000 0.000000 0.000000 0.000000 1.000000
0.996801 -0.060142 0.052635 0.000000 0.060213 0.998186 0.000252 11.639000 -0.052554 0.002919 0.998614 0.000000 0.000000 0.000000 0.000000 1.000000
0.994710 -0.064790 0.079711 0.000000 0.064421 0.997897 0.007200 11.639000 -0.080010 -0.002027 0.996792 0.000000 0.000000 0.000000 0.000000 1.000000
0.992773 -0.060825 0.103447 0.000000 0.060042 0.998139 0.010663 11.639000 -0.103903 -0.004375 0.994578 -0.000000 0.000000 0.000000 0.000000 1.000000
0.991487 -0.049472 0.120442 -0.000000 0.048465 0.998761 0.011277 11.639000 -0.120850 -0.005344 0.992656 0.000000 0.000000 0.000000 0.000000 1.000000
0.991112 -0.037824 0.127543 -0.000000 0.036978 0.999276 0.008997 11.639000 -0.127791 -0.004201 0.991792 -0.000000 0.000000 0.000000 0.000000 1.000000
0.992324 -0.032465 0.119325 0.000000 0.032500 0.999470 0.001656 11.639000 -0.119316 0.002235 0.992854 -0.000000 0.000000 0.000000 0.000000 1.000000
0.995212 -0.034702 0.091377 -0.000000 0.036028 0.999267 -0.012905 11.639000 -0.090863 0.016135 0.995733 0.000000 0.000000 0.000000 0.000000 1.000000
0.998012 -0.043806 0.045300 -0.000000 0.045343 0.998411 -0.033466 11.639000 -0.043762 0.035453 0.998413 0.000000 0.000000 0.000000 0.000000 1.000000
0.998110 -0.060351 -0.011578 -0.000000 0.059588 0.996554 -0.057698 11.639000 0.015020 0.056899 0.998267 0.000000 0.000000 0.000000 0.000000 1.000000
0.994001 -0.083886 -0.070174 -0.000000 0.077705 0.993207 -0.086607 11.639000 0.076963 0.080635 0.993768 0.000000 0.000000 0.000000 0.000000 1.000000
0.986574 -0.109607 -0.121067 0.000000 0.094741 0.987950 -0.122391 11.639000 0.133023 0.109278 0.985070 0.000000 0.000000 0.000000 0.000000 1.000000
0.979401 -0.129194 -0.155188 0.000000 0.104024 0.981520 -0.160614 11.639000 0.173071 0.141163 0.974741 0.000000 0.000000 0.000000 0.000000 1.000000
0.976010 -0.137280 -0.168993 0.000000 0.104200 0.976031 -0.191065 11.639000 0.191172 0.168872 0.966921 -0.000000 0.000000 0.000000 0.000000 1.000000
0.976455 -0.134553 -0.168618 0.000000 0.098071 0.973078 -0.208570 11.639000 0.192142 0.187123 0.963362 0.000000 0.000000 0.000000 0.000000 1.000000
0.978023 -0.126065 -0.166066 -0.000000 0.088406 0.972096 -0.217287 11.639000 0.188825 0.197830 0.961878 0.000000 0.000000 0.000000 0.000000 1.000000
0.978432 -0.118808 -0.168984 0.000000 0.079161 0.971251 -0.224512 11.639000 0.190800 0.206292 0.959708 0.000000 0.000000 0.000000 0.000000 1.000000
0.977617 -0.118015 -0.174179 -0.000000 0.075835 0.969874 -0.231501 11.639000 0.196252 0.213110 0.957115 0.000000 0.000000 0.000000 0.000000 1.000000
0.977471 -0.121592 -0.172531 0.000000 0.079810 0.969630 -0.231186 11.639000 0.195401 0.212208 0.957489 -0.000000 0.000000 0.000000 0.000000 1.000000
0.979913 -0.120219 -0.159116 0.000000 0.084587 0.973100 -0.214295 11.639000 0.180598 0.196531 0.963722 0.000000 0.000000 0.000000 0.000000 1.000000
0.985036 -0.106139 -0.135787 0.000000 0.081075 0.980619 -0.178364 11.639000 0.152087 0.164686 0.974550 0.000000 0.000000 0.000000 0.000000 1.000000
0.990950 -0.081481 -0.106669 0.000000 0.067126 0.988992 -0.131865 11.639000 0.116240 0.123511 0.985512 -0.000000 0.000000 0.000000 0.000000 1.000000
0.995428 -0.056961 -0.076673 0.000000 0.050065 0.994770 -0.089034 11.639000 0.081343 0.084788 0.993073 0.000000 0.000000 0.000000 0.000000 1.000000
0.997771 -0.041557 -0.052220 0.000000 0.038410 0.997466 -0.059887 11.639000 0.054577 0.057748 0.996838 0.000000 0.000000 0.000000 0.000000 1.000000
0.998699 -0.034637 -0.037435 0.000000 0.032957 0.998461 -0.044610 11.639000 0.038923 0.043318 0.998303 0.000000 0.000000 0.000000 0.000000 1.000000
0.999154 -0.029054 -0.029113 -0.000000 0.027990 0.998948 -0.036313 11.639000 0.030138 0.035467 0.998916 0.000000 0.000000 0.000000 0.000000 1.000000
0.999631 -0.020680 -0.017599 0.000000 0.020172 0.999388 -0.028564 11.639000 0.018178 0.028198 0.999437 0.000000 0.000000 0.000000 0.000000 1.000000
0.999896 -0.013309 0.005584 0.000000 0.013421 0.999701 -0.020424 11.639000 -0.005310 0.020497 0.999776 0.000000 0.000000 0.000000 0.000000 1.000000
0.999127 -0.013642 0.039491 0.000000 0.014227 0.999793 -0.014566 11.639000 -0.039284 0.015116 0.999114 0.000000 0.000000 0.000000 0.000000 1.000000
0.997048 -0.022806 0.073322 0.000000 0.023818 0.999632 -0.012965 11.639000 -0.072999 0.014673 0.997224 0.000000 0.000000 0.000000 0.000000 1.000000
0.994881 -0.036557 0.094215 0.000000 0.038110 0.999165 -0.014738 11.639000 -0.093597 0.018253 0.995443 -0.000000 0.000000 0.000000 0.000000 1.000000
0.994186 -0.048768 0.095997 0.000000 0.050839 0.998521 -0.019244 11.639000 -0.094917 0.024012 0.995196 0.000000 0.000000 0.000000 0.000000 1.000000
0.995054 -0.056473 0.081722 0.000000 0.058735 0.997947 -0.025545 11.639000 -0.080112 0.030219 0.996328 0.000000 0.000000 0.000000 0.000000 1.000000
0.996354 -0.060341 0.060310 0.000000 0.062311 0.997565 -0.031340 11.639000 -0.058272 0.034984 0.997688 0.000000 0.000000 0.000000 0.000000 1.000000
0.997268 -0.061340 0.041169 -0.000000 0.062781 0.997424 -0.034686 11.639000 -0.038936 0.037176 0.998550 0.000000 0.000000 0.000000 0.000000 1.000000
0.997718 -0.060747 0.029477 0.000000 0.061758 0.997488 -0.034682 11.639000 -0.027296 0.036423 0.998964 0.000000 0.000000 0.000000 0.000000 1.000000
0.997906 -0.059776 0.024695 0.000000 0.060554 0.997650 -0.032053 11.639000 -0.022721 0.033481 0.999181 0.000000 0.000000 0.000000 0.000000 1.000000
0.997976 -0.059394 0.022726 0.000000 0.060032 0.997790 -0.028482 11.639000 -0.020985 0.029788 0.999336 0.000000 0.000000 0.000000 0.000000 1.000000
0.998581 -0.048083 0.022888 0.000000 0.048718 0.998419 -0.028048 11.639000 -0.021503 0.029124 0.999344 -0.000000 0.000000 0.000000 0.000000 1.000000
0.999205 -0.031928 0.023885 -0.000000 0.032616 0.999048 -0.028968 11.639000 -0.022938 0.029724 0.999295 0.000000 0.000000 0.000000 0.000000 1.000000
0.999563 -0.016067 0.024828 -0.000000 0.016806 0.999413 -0.029850 11.639000 -0.024333 0.030254 0.999246 -0.000000 0.000000 0.000000 0.000000 1.000000</float_array>
        <technique_common>
          <accessor source="#mixamorig4_Spine1-Matrix-animation-output-transform-array" count="46" stride="16">
            <param type="float4x4"/>
          </accessor>
        </technique_common>
      </source>
      <source id="mixamorig4_Spine1-Interpolations">
        <Name_array id="mixamorig4_Spine1-Interpolations-array" count="46">
 LINEAR LINEAR LINEAR LINEAR LINEAR LINEAR LINEAR LINEAR LINEAR LINEAR LINEAR
LINEAR LINEAR LINEAR LINEAR LINEAR LINEAR LINEAR LINEAR LINEAR LINEAR LINEAR LINEAR
LINEAR LINEAR LINEAR LINEAR LINEAR LINEAR LINEAR LINEAR LINEAR LINEAR LINEAR LINEAR
LINEAR LINEAR LINEAR LINEAR LINEAR LINEAR LINEAR LINEAR LINEAR LINEAR LINEAR</Name_array>
        <technique_common>
          <accessor source="#mixamorig4_Spine1-Interpolations-array" count="46">
            <param type="name"/>
          </accessor>
        </technique_common>
      </source>
      <sampler id="mixamorig4_Spine1-Matrix-animation-transform">
        <input semantic="INPUT" source="#mixamorig4_Spine1-Matrix-animation-input"/>
        <input semantic="OUTPUT" source="#mixamorig4_Spine1-Matrix-animation-output-transform"/>
        <input semantic="INTERPOLATION" source="#mixamorig4_Spine1-Interpolations"/>
      </sampler>
      <channel source="#mixamorig4_Spine1-Matrix-animation-transform" target="mixamorig4_Spine1/matrix"/>
    </animation>
    <animation id="mixamorig4_Spine2-anim" name="mixamorig4_Spine2">
      <source id="mixamorig4_Spine2-Matrix-animation-input">
        <float_array id="mixamorig4_Spine2-Matrix-animation-input-array" count="46">

0.000000 0.033333 0.066667 0.100000 0.133333 0.166667 0.200000 0.233333 0.266667 0.300000 0.333333 0.366667 0.400000 0.433333 0.466667 0.500000
0.533333 0.566667 0.600000 0.633333 0.666667 0.700000 0.733333 0.766667 0.800000 0.833333 0.866667 0.900000 0.933333 0.966667 1.000000 1.033333
1.066667 1.100000 1.133333 1.166667 1.200000 1.233333 1.266667 1.300000 1.333333 1.366667 1.400000 1.433333 1.466667 1.500000</float_array>
        <technique_common>
          <accessor source="#mixamorig4_Spine2-Matrix-animation-input-array" count="46">
            <param name="TIME" type="float"/>
          </accessor>
        </technique_common>
      </source>
      <source id="mixamorig4_Spine2-Matrix-animation-output-transform">
        <float_array id="mixamorig4_Spine2-Matrix-animation-output-transform-array" count="736">

0.999565 -0.016084 0.024734 0.000000 0.016822 0.999411 -0.029923 13.301700 -0.024238 0.030326 0.999246 0.000000 0.000000 0.000000 0.000000 1.000000
0.999610 -0.017629 0.021653 0.000000 0.018296 0.999351 -0.031029 13.301700 -0.021092 0.031413 0.999284 0.000000 0.000000 0.000000 0.000000 1.000000
0.999627 -0.021697 0.016557 -0.000000 0.022192 0.999295 -0.030280 13.301700 -0.015889 0.030636 0.999404 0.000000 0.000000 0.000000 0.000000 1.000000
0.999499 -0.029144 0.012361 -0.000000 0.029464 0.999214 -0.026526 13.301700 -0.011578 0.026877 0.999572 0.000000 0.000000 0.000000 0.000000 1.000000
0.999116 -0.039312 0.014910 -0.000000 0.039594 0.999033 -0.019126 13.301700 -0.014144 0.019699 0.999706 -0.000000 0.000000 0.000000 0.000000 1.000000
0.998311 -0.050414 0.028856 -0.000000 0.050693 0.998674 -0.009019 13.301700 -0.028363 0.010467 0.999543 0.000000 0.000000 0.000000 0.000000 1.000000
0.996801 -0.060077 0.052711 -0.000000 0.060098 0.998192 0.001177 13.301700 -0.052686 0.001995 0.998609 -0.000000 0.000000 0.000000 0.000000 1.000000
0.994720 -0.064621 0.079732 0.000000 0.064128 0.997904 0.008726 13.301700 -0.080128 -0.003567 0.996778 -0.000000 0.000000 0.000000 0.000000 1.000000
0.992789 -0.060560 0.103455 0.000000 0.059576 0.998145 0.012579 13.301700 -0.104024 -0.006325 0.994555 -0.000000 0.000000 0.000000 0.000000 1.000000
0.991499 -0.049178 0.120465 0.000000 0.047941 0.998764 0.013147 13.301700 -0.120962 -0.007260 0.992631 0.000000 0.000000 0.000000 0.000000 1.000000
0.991119 -0.037552 0.127568 0.000000 0.036519 0.999279 0.010429 13.301700 -0.127867 -0.005677 0.991775 0.000000 0.000000 0.000000 0.000000 1.000000
0.992331 -0.032214 0.119340 0.000000 0.032147 0.999480 0.002488 13.301700 -0.119358 0.001368 0.992850 0.000000 0.000000 0.000000 0.000000 1.000000
0.995213 -0.034475 0.091448 0.000000 0.035776 0.999280 -0.012626 13.301700 -0.090947 0.015837 0.995730 0.000000 0.000000 0.000000 0.000000 1.000000
0.998009 -0.043640 0.045532 -0.000000 0.045189 0.998414 -0.033572 13.301700 -0.043995 0.035562 0.998399 0.000000 0.000000 0.000000 0.000000 1.000000
0.998115 -0.060338 -0.011243 0.000000 0.059590 0.996541 -0.057930 13.301700 0.014700 0.057151 0.998257 0.000000 0.000000 0.000000 0.000000 1.000000
0.993995 -0.084033 -0.070089 0.000000 0.077859 0.993196 -0.086606 13.301700 0.076890 0.080629 0.993774 0.000000 0.000000 0.000000 0.000000 1.000000
0.986505 -0.109655 -0.121587 0.000000 0.094804 0.988010 -0.121856 13.301700 0.133491 0.108685 0.985072 -0.000000 0.000000 0.000000 0.000000 1.000000
0.979310 -0.128866 -0.156027 0.000000 0.103737 0.981700 -0.159697 13.301700 0.173752 0.140207 0.974758 0.000000 0.000000 0.000000 0.000000 1.000000
0.976122 -0.136686 -0.168827 0.000000 0.103677 0.976128 -0.190854 13.301700 0.190884 0.168794 0.966991 0.000000 0.000000 0.000000 0.000000 1.000000
0.976960 -0.134039 -0.166078 -0.000000 0.097679 0.972711 -0.210455 13.301700 0.189756 0.189384 0.963393 0.000000 0.000000 0.000000 0.000000 1.000000
0.978826 -0.126073 -0.161260 0.000000 0.088610 0.971150 -0.221393 13.301700 0.184520 0.202416 0.961759 0.000000 0.000000 0.000000 0.000000 1.000000
0.979262 -0.119535 -0.163578 0.000000 0.080095 0.970039 -0.229369 13.301700 0.186094 0.211510 0.959496 0.000000 0.000000 0.000000 0.000000 1.000000
0.978229 -0.118985 -0.170033 -0.000000 0.076947 0.968872 -0.235302 13.301700 0.192737 0.217095 0.956934 0.000000 0.000000 0.000000 0.000000 1.000000
0.977765 -0.122060 -0.170520 0.000000 0.080327 0.969126 -0.233113 13.301700 0.193709 0.214232 0.957383 -0.000000 0.000000 0.000000 0.000000 1.000000
0.979982 -0.119956 -0.158889 0.000000 0.084292 0.973031 -0.214721 13.301700 0.180361 0.197030 0.963665 0.000000 0.000000 0.000000 0.000000 1.000000
0.985022 -0.105545 -0.136354 0.000000 0.080426 0.980715 -0.178126 13.301700 0.152525 0.164492 0.974515 -0.000000 0.000000 0.000000 0.000000 1.000000
0.990920 -0.081046 -0.107280 0.000000 0.066655 0.989069 -0.131528 13.301700 0.116767 0.123183 0.985491 0.000000 0.000000 0.000000 0.000000 1.000000
0.995400 -0.056819 -0.077143 0.000000 0.049908 0.994804 -0.088732 13.301700 0.081784 0.084474 0.993064 -0.000000 0.000000 0.000000 0.000000 1.000000
0.997749 -0.041555 -0.052624 0.000000 0.038402 0.997485 -0.059579 13.301700 0.054968 0.057424 0.996836 0.000000 0.000000 0.000000 0.000000 1.000000
0.998685 -0.034633 -0.037791 0.000000 0.032949 0.998474 -0.044308 13.301700 0.039268 0.043005 0.998303 0.000000 0.000000 0.000000 0.000000 1.000000
0.999146 -0.029039 -0.029379 -0.000000 0.027972 0.998957 -0.036096 13.301700 0.030397 0.035244 0.998916 0.000000 0.000000 0.000000 0.000000 1.000000
0.999628 -0.020681 -0.017765 0.000000 0.020170 0.999390 -0.028497 13.301700 0.018344 0.028129 0.999436 0.000000 0.000000 0.000000 0.000000 1.000000
0.999896 -0.013308 0.005488 0.000000 0.013418 0.999700 -0.020496 13.301700 -0.005214 0.020567 0.999775 -0.000000 0.000000 0.000000 0.000000 1.000000
0.999129 -0.013608 0.039446 0.000000 0.014196 0.999792 -0.014668 13.301700 -0.039238 0.015215 0.999114 0.000000 0.000000 0.000000 0.000000 1.000000
0.997049 -0.022781 0.073310 0.000000 0.023794 0.999633 -0.012976 13.301700 -0.072988 0.014682 0.997225 0.000000 0.000000 0.000000 0.000000 1.000000
0.994877 -0.036557 0.094251 0.000000 0.038092 0.999169 -0.014531 13.301700 -0.093642 0.018046 0.995442 0.000000 0.000000 0.000000 0.000000 1.000000
0.994175 -0.048763 0.096116 0.000000 0.050794 0.998532 -0.018790 13.301700 -0.095058 0.023563 0.995193 0.000000 0.000000 0.000000 0.000000 1.000000
0.995038 -0.056466 0.081925 -0.000000 0.058689 0.997964 -0.024983 13.301700 -0.080348 0.029667 0.996325 0.000000 0.000000 0.000000 0.000000 1.000000
0.996339 -0.060337 0.060568 0.000000 0.062286 0.997582 -0.030832 13.301700 -0.058561 0.034492 0.997688 0.000000 0.000000 0.000000 0.000000 1.000000
0.997256 -0.061346 0.041433 0.000000 0.062784 0.997437 -0.034325 13.301700 -0.039221 0.036832 0.998551 0.000000 0.000000 0.000000 0.000000 1.000000
0.997709 -0.060761 0.029731 0.000000 0.061774 0.997496 -0.034438 13.301700 -0.027564 0.036196 0.998965 -0.000000 0.000000 0.000000 0.000000 1.000000
0.997900 -0.059791 0.024924 0.000000 0.060572 0.997655 -0.031861 13.301700 -0.022961 0.033304 0.999181 0.000000 0.000000 0.000000 0.000000 1.000000
0.997971 -0.059406 0.022921 0.000000 0.060046 0.997794 -0.028305 13.301700 -0.021189 0.029624 0.999337 0.000000 0.000000 0.000000 0.000000 1.000000
0.998578 -0.048092 0.023000 0.000000 0.048728 0.998421 -0.027942 13.301700 -0.021620 0.029023 0.999345 0.000000 0.000000 0.000000 0.000000 1.000000
0.999204 -0.031932 0.023891 0.000000 0.032619 0.999048 -0.028957 13.301700 -0.022944 0.029713 0.999295 0.000000 0.000000 0.000000 0.000000 1.000000
0.999565 -0.016065 0.024735 0.000000 0.016803 0.999411 -0.029923 13.301700 -0.024240 0.030325 0.999246 0.000000 0.000000 0.000000 0.000000 1.000000</float_array>
        <technique_common>
          <accessor source="#mixamorig4_Spine2-Matrix-animation-output-transform-array" count="46" stride="16">
            <param type="float4x4"/>
          </accessor>
        </technique_common>
      </source>
      <source id="mixamorig4_Spine2-Interpolations">
        <Name_array id="mixamorig4_Spine2-Interpolations-array" count="46">
 LINEAR LINEAR LINEAR LINEAR LINEAR LINEAR LINEAR LINEAR LINEAR LINEAR LINEAR
LINEAR LINEAR LINEAR LINEAR LINEAR LINEAR LINEAR LINEAR LINEAR LINEAR LINEAR LINEAR
LINEAR LINEAR LINEAR LINEAR LINEAR LINEAR LINEAR LINEAR LINEAR LINEAR LINEAR LINEAR
LINEAR LINEAR LINEAR LINEAR LINEAR LINEAR LINEAR LINEAR LINEAR LINEAR LINEAR</Name_array>
        <technique_common>
          <accessor source="#mixamorig4_Spine2-Interpolations-array" count="46">
            <param type="name"/>
          </accessor>
        </technique_common>
      </source>
      <sampler id="mixamorig4_Spine2-Matrix-animation-transform">
        <input semantic="INPUT" source="#mixamorig4_Spine2-Matrix-animation-input"/>
        <input semantic="OUTPUT" source="#mixamorig4_Spine2-Matrix-animation-output-transform"/>
        <input semantic="INTERPOLATION" source="#mixamorig4_Spine2-Interpolations"/>
      </sampler>
      <channel source="#mixamorig4_Spine2-Matrix-animation-transform" target="mixamorig4_Spine2/matrix"/>
    </animation>
    <animation id="mixamorig4_Neck-anim" name="mixamorig4_Neck">
      <source id="mixamorig4_Neck-Matrix-animation-input">
        <float_array id="mixamorig4_Neck-Matrix-animation-input-array" count="46">

0.000000 0.033333 0.066667 0.100000 0.133333 0.166667 0.200000 0.233333 0.266667 0.300000 0.333333 0.366667 0.400000 0.433333 0.466667 0.500000
0.533333 0.566667 0.600000 0.633333 0.666667 0.700000 0.733333 0.766667 0.800000 0.833333 0.866667 0.900000 0.933333 0.966667 1.000000 1.033333
1.066667 1.100000 1.133333 1.166667 1.200000 1.233333 1.266667 1.300000 1.333333 1.366667 1.400000 1.433333 1.466667 1.500000</float_array>
        <technique_common>
          <accessor source="#mixamorig4_Neck-Matrix-animation-input-array" count="46">
            <param name="TIME" type="float"/>
          </accessor>
        </technique_common>
      </source>
      <source id="mixamorig4_Neck-Matrix-animation-output-transform">
        <float_array id="mixamorig4_Neck-Matrix-animation-output-transform-array" count="736">

0.990372 0.093785 0.101822 0.000000 -0.062847 0.959979 -0.272929 14.964400 -0.123344 0.263902 0.956631 0.000000 0.000000 0.000000 0.000000 1.000000
0.990088 0.094334 0.104052 -0.000000 -0.064291 0.963089 -0.261394 14.964400 -0.124870 0.252114 0.959607 -0.000000 0.000000 0.000000 0.000000 1.000000
0.990053 0.093095 0.105493 0.000000 -0.064989 0.967604 -0.243965 14.964400 -0.124787 0.234683 0.964029 -0.000000 0.000000 0.000000 0.000000 1.000000
0.991049 0.085592 0.102453 -0.000000 -0.060746 0.972500 -0.224841 14.964400 -0.118880 0.216605 0.968994 0.000000 0.000000 0.000000 0.000000 1.000000
0.993441 0.068936 0.091229 -0.000000 -0.048621 0.976785 -0.208633 14.964400 -0.103493 0.202828 0.973730 0.000000 0.000000 0.000000 0.000000 1.000000
0.996412 0.045933 0.071089 0.000000 -0.031178 0.980061 -0.196238 14.964400 -0.078685 0.193317 0.977976 -0.000000 0.000000 0.000000 0.000000 1.000000
0.998693 0.024584 0.044808 0.000000 -0.015936 0.982794 -0.184017 14.964400 -0.048561 0.183063 0.981901 0.000000 0.000000 0.000000 0.000000 1.000000
0.999791 0.011655 0.016770 -0.000000 -0.008648 0.985518 -0.169350 14.964400 -0.018501 0.169169 0.985413 0.000000 0.000000 0.000000 0.000000 1.000000
0.999941 0.006645 -0.008612 0.000000 -0.007908 0.987702 -0.156146 14.964400 0.007469 0.156205 0.987696 -0.000000 0.000000 0.000000 0.000000 1.000000
