<?xml version="1.0" encoding="utf-8"?>
<COLLADA xmlns="http://www.collada.org/2005/11/COLLADASchema" version="1.4.1">
  <asset>
    <contributor>
      <author>Mixamo</author>
      <authoring_tool>COLLADA Mixamo exporter</authoring_tool>
      <comments/>
    </contributor>
    <created>2025-11-13T15:18:19Z</created>
    <modified>2025-11-13T15:18:19Z</modified>
    <revision/>
    <title/>
    <unit meter="0.010000"/>
    <up_axis>Y_UP</up_axis>
  </asset>
  <library_animations>
    <animation id="mixamorig4_Hips-anim" name="mixamorig4_Hips">
      <source id="mixamorig4_Hips-Matrix-animation-input">
        <float_array id="mixamorig4_Hips-Matrix-animation-input-array" count="29">

0.000000 0.033333 0.066667 0.100000 0.133333 0.166667 0.200000 0.233333 0.266667 0.300000 0.333333 0.366667 0.400000 0.433333 0.466667 0.500000
0.533333 0.566667 0.600000 0.633333 0.666667 0.700000 0.733333 0.766667 0.800000 0.833333 0.866667 0.900000 0.933333</float_array>
        <technique_common>
          <accessor source="#mixamorig4_Hips-Matrix-animation-input-array" count="29">
            <param name="TIME" type="float"/>
          </accessor>
        </technique_common>
      </source>
      <source id="mixamorig4_Hips-Matrix-animation-output-transform">
        <float_array id="mixamorig4_Hips-Matrix-animation-output-transform-array" count="464">

0.992447 0.061079 -0.106390 0.109172 -0.054334 0.996393 0.065186 97.388565 0.109988 -0.058913 0.992185 -0.048651 0.000000 0.000000 0.000000 1.000000
0.997850 0.052568 -0.039147 -0.068701 -0.050519 0.997389 0.051606 97.295952 0.041758 -0.049517 0.997900 -0.765286 0.000000 0.000000 0.000000 1.000000
0.998292 0.047102 0.034566 -0.404806 -0.048535 0.997944 0.041860 97.143562 -0.032523 -0.043466 0.998525 -1.521485 0.000000 0.000000 0.000000 1.000000
0.993388 0.040631 0.107378 -0.916064 -0.044743 0.998344 0.036165 97.129524 -0.105731 -0.040730 0.993560 -2.399009 0.000000 0.000000 0.000000 1.000000
0.984351 0.032558 0.173183 -1.581556 -0.039019 0.998659 0.034030 97.263069 -0.171843 -0.040255 0.984302 -3.335329 0.000000 0.000000 0.000000 1.000000
0.972773 0.026280 0.230264 -2.304670 -0.035186 0.998780 0.034658 97.344063 -0.229072 -0.041816 0.972511 -4.256309 0.000000 0.000000 0.000000 1.000000
0.960016 0.025391 0.278792 -2.985114 -0.037131 0.998628 0.036912 97.269119 -0.277472 -0.045788 0.959642 -5.128171 0.000000 0.000000 0.000000 1.000000
0.946363 0.027882 0.321901 -3.590639 -0.042730 0.998319 0.039149 97.115189 -0.320268 -0.050804 0.945964 -5.969754 0.000000 0.000000 0.000000 1.000000
0.930373 0.030227 0.365367 -4.113874 -0.048671 0.997958 0.041373 96.952873 -0.363370 -0.056275 0.929944 -6.797089 0.000000 0.000000 0.000000 1.000000
0.911761 0.030872 0.409559 -4.517808 -0.054343 0.997472 0.045789 96.811302 -0.407110 -0.064005 0.911134 -7.580435 0.000000 0.000000 0.000000 1.000000
0.893060 0.028484 0.449034 -4.739645 -0.058361 0.996896 0.052836 96.755440 -0.446136 -0.073392 0.891951 -8.301958 0.000000 0.000000 0.000000 1.000000
0.876403 0.023165 0.481022 -4.699778 -0.059542 0.996391 0.060501 96.786667 -0.477884 -0.081664 0.874619 -9.005136 0.000000 0.000000 0.000000 1.000000
0.860287 0.015404 0.509577 -4.476759 -0.057585 0.996083 0.067107 96.819298 -0.506547 -0.087075 0.857804 -9.730161 0.000000 0.000000 0.000000 1.000000
0.840336 0.004156 0.542049 -4.329377 -0.051506 0.996059 0.072211 96.751205 -0.539613 -0.088600 0.837238 -10.400086 0.000000 0.000000 0.000000 1.000000
0.813521 -0.004660 0.581516 -4.316449 -0.050325 0.995652 0.078381 96.621643 -0.579353 -0.093029 0.809750 -10.923766 0.000000 0.000000 0.000000 1.000000
0.778152 -0.010403 0.627990 -4.344871 -0.056113 0.994713 0.086008 96.577927 -0.625564 -0.102166 0.773454 -11.276387 0.000000 0.000000 0.000000 1.000000
0.731158 -0.014131 0.682062 -4.414365 -0.065619 0.993693 0.090930 96.702560 -0.679046 -0.111240 0.725619 -11.392526 0.000000 0.000000 0.000000 1.000000
0.674419 -0.020663 0.738060 -4.496946 -0.071567 0.993072 0.093198 96.887901 -0.734872 -0.115675 0.668268 -11.227421 0.000000 0.000000 0.000000 1.000000
0.612617 -0.029905 0.789814 -4.477279 -0.074979 0.992579 0.095739 97.089035 -0.786816 -0.117871 0.605828 -10.839680 0.000000 0.000000 0.000000 1.000000
0.543241 -0.037543 0.838737 -4.363860 -0.080537 0.992063 0.096568 97.312248 -0.835705 -0.120009 0.535906 -10.269922 0.000000 0.000000 0.000000 1.000000
0.461014 -0.045834 0.886209 -4.164220 -0.083851 0.991947 0.094923 97.449837 -0.883422 -0.118071 0.453458 -9.504700 0.000000 0.000000 0.000000 1.000000
0.366600 -0.057285 0.928614 -3.818549 -0.081515 0.992287 0.093394 97.457077 -0.926801 -0.109935 0.359102 -8.540466 0.000000 0.000000 0.000000 1.000000
0.264291 -0.070628 0.961853 -3.280757 -0.075046 0.992785 0.093520 97.309227 -0.961519 -0.096900 0.257084 -7.375912 0.000000 0.000000 0.000000 1.000000
0.153467 -0.082454 0.984708 -2.592979 -0.064230 0.993573 0.093206 96.998283 -0.986064 -0.077552 0.147184 -6.060899 0.000000 0.000000 0.000000 1.000000
0.030936 -0.088072 0.995634 -1.908463 -0.055970 0.994395 0.089701 96.820114 -0.997953 -0.058501 0.025834 -4.774889 0.000000 0.000000 0.000000 1.000000
-0.098156 -0.090691 0.991030 -1.306895 -0.051198 0.994980 0.085981 96.897507 -0.993853 -0.042299 -0.102306 -3.589481 0.000000 0.000000 0.000000 1.000000
-0.222748 -0.092543 0.970474 -0.776204 -0.049182 0.995283 0.083620 97.129517 -0.973635 -0.029103 -0.226249 -2.417125 0.000000 0.000000 0.000000 1.000000
-0.336936 -0.090571 0.937161 -0.351619 -0.051244 0.995651 0.077800 97.319931 -0.940132 -0.021810 -0.340112 -1.229758 0.000000 0.000000 0.000000 1.000000
-0.441419 -0.082525 0.893498 -0.099761 -0.054334 0.996393 0.065186 97.388550 -0.895655 -0.019773 -0.444310 -0.065833 0.000000 0.000000 0.000000 1.000000</float_array>
        <technique_common>
          <accessor source="#mixamorig4_Hips-Matrix-animation-output-transform-array" count="29" stride="16">
            <param type="float4x4"/>
          </accessor>
        </technique_common>
      </source>
      <source id="mixamorig4_Hips-Interpolations">
        <Name_array id="mixamorig4_Hips-Interpolations-array" count="29">
 LINEAR LINEAR LINEAR LINEAR LINEAR LINEAR LINEAR LINEAR LINEAR LINEAR LINEAR
LINEAR LINEAR LINEAR LINEAR LINEAR LINEAR LINEAR LINEAR LINEAR LINEAR LINEAR LINEAR
LINEAR LINEAR LINEAR LINEAR LINEAR LINEAR</Name_array>
        <technique_common>
          <accessor source="#mixamorig4_Hips-Interpolations-array" count="29">
            <param type="name"/>
          </accessor>
        </technique_common>
      </source>
      <sampler id="mixamorig4_Hips-Matrix-animation-transform">
        <input semantic="INPUT" source="#mixamorig4_Hips-Matrix-animation-input"/>
        <input semantic="OUTPUT" source="#mixamorig4_Hips-Matrix-animation-output-transform"/>
        <input semantic="INTERPOLATION" source="#mixamorig4_Hips-Interpolations"/>
      </sampler>
      <channel source="#mixamorig4_Hips-Matrix-animation-transform" target="mixamorig4_Hips/matrix"/>
    </animation>
    <animation id="mixamorig4_Spine-anim" name="mixamorig4_Spine">
      <source id="mixamorig4_Spine-Matrix-animation-input">
        <float_array id="mixamorig4_Spine-Matrix-animation-input-array" count="29">

0.000000 0.033333 0.066667 0.100000 0.133333 0.166667 0.200000 0.233333 0.266667 0.300000 0.333333 0.366667 0.400000 0.433333 0.466667 0.500000
0.533333 0.566667 0.600000 0.633333 0.666667 0.700000 0.733333 0.766667 0.800000 0.833333 0.866667 0.900000 0.933333</float_array>
        <technique_common>
          <accessor source="#mixamorig4_Spine-Matrix-animation-input-array" count="29">
            <param name="TIME" type="float"/>
          </accessor>
        </technique_common>
      </source>
      <source id="mixamorig4_Spine-Matrix-animation-output-transform">
        <float_array id="mixamorig4_Spine-Matrix-animation-output-transform-array" count="464">

0.998738 -0.044923 0.022444 -0.000000 0.043979 0.998194 0.040921 9.927700 -0.024242 -0.039882 0.998910 -0.982900 0.000000 0.000000 0.000000 1.000000
0.998486 -0.048410 0.026125 0.000000 0.047371 0.998114 0.039040 9.927700 -0.027966 -0.037743 0.998896 -0.982900 0.000000 0.000000 0.000000 1.000000
0.998175 -0.053019 0.028897 -0.000000 0.051937 0.997965 0.036991 9.927700 -0.030799 -0.035423 0.998898 -0.982900 0.000000 0.000000 0.000000 1.000000
0.998092 -0.052887 0.031863 0.000000 0.051775 0.998053 0.034768 9.927700 -0.033640 -0.033052 0.998887 -0.982900 0.000000 0.000000 0.000000 1.000000
0.998281 -0.046631 0.035518 0.000000 0.045474 0.998429 0.032739 9.927700 -0.036989 -0.031068 0.998833 -0.982900 0.000000 0.000000 0.000000 1.000000
0.998455 -0.038809 0.039779 0.000000 0.037552 0.998787 0.031861 9.927700 -0.040968 -0.030318 0.998700 -0.982900 0.000000 0.000000 0.000000 1.000000
0.998372 -0.035611 0.044552 -0.000000 0.034158 0.998873 0.032968 9.927700 -0.045676 -0.031393 0.998463 -0.982900 0.000000 0.000000 0.000000 1.000000
0.998176 -0.035997 0.048466 -0.000000 0.034276 0.998768 0.035887 9.927700 -0.049698 -0.034161 0.998180 -0.982900 0.000000 0.000000 0.000000 1.000000
0.998089 -0.036599 0.049795 -0.000000 0.034650 0.998620 0.039453 9.927700 -0.051170 -0.037652 0.997980 -0.982900 0.000000 0.000000 0.000000 1.000000
0.998025 -0.037253 0.050576 -0.000000 0.035125 0.998486 0.042325 9.927700 -0.052076 -0.040465 0.997823 -0.982900 0.000000 0.000000 0.000000 1.000000
0.997880 -0.036758 0.053709 -0.000000 0.034380 0.998415 0.044557 9.927700 -0.055261 -0.042616 0.997562 -0.982900 0.000000 0.000000 0.000000 1.000000
0.997611 -0.035932 0.059007 0.000000 0.033155 0.998326 0.047386 9.927700 -0.060611 -0.045316 0.997132 -0.982900 0.000000 0.000000 0.000000 1.000000
0.997352 -0.036949 0.062640 -0.000000 0.033827 0.998167 0.050191 9.927700 -0.064379 -0.047939 0.996773 -0.982900 0.000000 0.000000 0.000000 1.000000
0.997494 -0.034947 0.061521 0.000000 0.031824 0.998190 0.051023 9.927700 -0.063193 -0.048937 0.996801 -0.982900 0.000000 0.000000 0.000000 1.000000
0.997808 -0.034475 0.056480 0.000000 0.031681 0.998264 0.049649 9.927700 -0.058094 -0.047751 0.997168 -0.982900 0.000000 0.000000 0.000000 1.000000
0.998014 -0.038631 0.049755 0.000000 0.036273 0.998214 0.047463 9.927700 -0.051500 -0.045564 0.997633 -0.982900 0.000000 0.000000 0.000000 1.000000
0.998084 -0.045099 0.042360 0.000000 0.043118 0.997985 0.046559 9.927700 -0.044374 -0.044643 0.998017 -0.982900 0.000000 0.000000 0.000000 1.000000
0.998246 -0.045934 0.037355 -0.000000 0.044230 0.997997 0.045222 9.927700 -0.039357 -0.043490 0.998278 -0.982900 0.000000 0.000000 0.000000 1.000000
0.998444 -0.042782 0.035767 -0.000000 0.041269 0.998264 0.042015 9.927700 -0.037503 -0.040474 0.998477 -0.982900 0.000000 0.000000 0.000000 1.000000
0.998608 -0.040677 0.033586 0.000000 0.039355 0.998459 0.039130 9.927700 -0.035126 -0.037754 0.998670 -0.982900 0.000000 0.000000 0.000000 1.000000
0.998913 -0.037256 0.027999 0.000000 0.036212 0.998662 0.036911 9.927700 -0.029336 -0.035857 0.998926 -0.982900 0.000000 0.000000 0.000000 1.000000
0.999325 -0.030307 0.020749 0.000000 0.029581 0.998969 0.034438 9.927700 -0.021772 -0.033801 0.999191 -0.982900 0.000000 0.000000 0.000000 1.000000
0.999697 -0.020005 0.014374 -0.000000 0.019528 0.999279 0.032565 9.927700 -0.015015 -0.032275 0.999366 -0.982900 0.000000 0.000000 0.000000 1.000000
0.999946 -0.006083 0.008392 0.000000 0.005805 0.999449 0.032689 9.927700 -0.008587 -0.032639 0.999430 -0.982900 0.000000 0.000000 0.000000 1.000000
0.999999 0.000083 0.001400 0.000000 -0.000131 0.999405 0.034489 9.927700 -0.001397 -0.034489 0.999404 -0.982900 0.000000 0.000000 0.000000 1.000000
0.999981 -0.005206 -0.003153 0.000000 0.005316 0.999348 0.035702 9.927700 0.002965 -0.035718 0.999358 -0.982900 0.000000 0.000000 0.000000 1.000000
0.999855 -0.017029 0.000009 0.000000 0.017018 0.999204 0.036078 9.927700 -0.000623 -0.036073 0.999349 -0.982900 0.000000 0.000000 0.000000 1.000000
0.999462 -0.031017 0.010676 0.000000 0.030597 0.998828 0.037503 9.927700 -0.011827 -0.037156 0.999239 -0.982900 0.000000 0.000000 0.000000 1.000000
0.998738 -0.044923 0.022444 0.000000 0.043979 0.998194 0.040921 9.927700 -0.024241 -0.039882 0.998910 -0.982900 0.000000 0.000000 0.000000 1.000000</float_array>
        <technique_common>
          <accessor source="#mixamorig4_Spine-Matrix-animation-output-transform-array" count="29" stride="16">
            <param type="float4x4"/>
          </accessor>
        </technique_common>
      </source>
      <source id="mixamorig4_Spine-Interpolations">
        <Name_array id="mixamorig4_Spine-Interpolations-array" count="29">
 LINEAR LINEAR LINEAR LINEAR LINEAR LINEAR LINEAR LINEAR LINEAR LINEAR LINEAR
LINEAR LINEAR LINEAR LINEAR LINEAR LINEAR LINEAR LINEAR LINEAR LINEAR LINEAR LINEAR
LINEAR LINEAR LINEAR LINEAR LINEAR LINEAR</Name_array>
        <technique_common>
          <accessor source="#mixamorig4_Spine-Interpolations-array" count="29">
            <param type="name"/>
          </accessor>
        </technique_common>
      </source>
      <sampler id="mixamorig4_Spine-Matrix-animation-transform">
        <input semantic="INPUT" source="#mixamorig4_Spine-Matrix-animation-input"/>
        <input semantic="OUTPUT" source="#mixamorig4_Spine-Matrix-animation-output-transform"/>
        <input semantic="INTERPOLATION" source="#mixamorig4_Spine-Interpolations"/>
      </sampler>
      <channel source="#mixamorig4_Spine-Matrix-animation-transform" target="mixamorig4_Spine/matrix"/>
    </animation>
    <animation id="mixamorig4_Spine1-anim" name="mixamorig4_Spine1">
      <source id="mixamorig4_Spine1-Matrix-animation-input">
        <float_array id="mixamorig4_Spine1-Matrix-animation-input-array" count="29">

0.000000 0.033333 0.066667 0.100000 0.133333 0.166667 0.200000 0.233333 0.266667 0.300000 0.333333 0.366667 0.400000 0.433333 0.466667 0.500000
0.533333 0.566667 0.600000 0.633333 0.666667 0.700000 0.733333 0.766667 0.800000 0.833333 0.866667 0.900000 0.933333</float_array>
        <technique_common>
          <accessor source="#mixamorig4_Spine1-Matrix-animation-input-array" count="29">
            <param name="TIME" type="float"/>
          </accessor>
        </technique_common>
      </source>
      <source id="mixamorig4_Spine1-Matrix-animation-output-transform">
        <float_array id="mixamorig4_Spine1-Matrix-animation-output-transform-array" count="464">

0.999615 -0.027550 0.003226 0.000000 0.027609 0.999416 -0.020139 11.639000 -0.002669 0.020220 0.999792 -0.000000 0.000000 0.000000 0.000000 1.000000
0.999594 -0.027859 0.005904 0.000000 0.027982 0.999370 -0.021818 11.639000 -0.005292 0.021975 0.999745 0.000000 0.000000 0.000000 0.000000 1.000000
0.999517 -0.030088 0.007724 0.000000 0.030263 0.999265 -0.023542 11.639000 -0.007010 0.023764 0.999693 0.000000 0.000000 0.000000 0.000000 1.000000
0.999376 -0.033915 0.009822 -0.000000 0.034155 0.999094 -0.025378 11.639000 -0.008953 0.025698 0.999630 0.000000 0.000000 0.000000 0.000000 1.000000
0.999183 -0.038337 0.012821 0.000000 0.038674 0.998884 -0.027119 11.639000 -0.011767 0.027593 0.999550 -0.000000 0.000000 0.000000 0.000000 1.000000
0.998931 -0.043215 0.016386 0.000000 0.043659 0.998659 -0.027833 11.639000 -0.015162 0.028519 0.999478 0.000000 0.000000 0.000000 0.000000 1.000000
0.998591 -0.049097 0.020160 0.000000 0.049629 0.998408 -0.026804 11.639000 -0.018812 0.027767 0.999437 -0.000000 0.000000 0.000000 0.000000 1.000000
0.998161 -0.056011 0.023202 0.000000 0.056571 0.998104 -0.024238 11.639000 -0.021800 0.025506 0.999437 0.000000 0.000000 0.000000 0.000000 1.000000
0.997702 -0.063260 0.024271 -0.000000 0.063776 0.997741 -0.021104 11.639000 -0.022881 0.022603 0.999483 -0.000000 0.000000 0.000000 0.000000 1.000000
0.997212 -0.070299 0.025021 -0.000000 0.070770 0.997322 -0.018444 11.639000 -0.023657 0.020163 0.999517 0.000000 0.000000 0.000000 0.000000 1.000000
0.996614 -0.077459 0.027584 -0.000000 0.077923 0.996828 -0.016161 11.639000 -0.026244 0.018256 0.999489 0.000000 0.000000 0.000000 0.000000 1.000000
0.995892 -0.084858 0.031591 0.000000 0.085313 0.996265 -0.013343 11.639000 -0.030341 0.015983 0.999412 0.000000 0.000000 0.000000 0.000000 1.000000
0.995305 -0.090412 0.034559 -0.000000 0.090828 0.995809 -0.010684 11.639000 -0.033448 0.013773 0.999346 -0.000000 0.000000 0.000000 0.000000 1.000000
0.995057 -0.093411 0.033715 0.000000 0.093787 0.995545 -0.009745 11.639000 -0.032654 0.012858 0.999384 0.000000 0.000000 0.000000 0.000000 1.000000
0.994836 -0.097035 0.029750 0.000000 0.097394 0.995186 -0.010884 11.639000 -0.028550 0.013726 0.999498 0.000000 0.000000 0.000000 0.000000 1.000000
0.994500 -0.101809 0.024600 0.000000 0.102151 0.994683 -0.013050 11.639000 -0.023141 0.015491 0.999612 0.000000 0.000000 0.000000 0.000000 1.000000
0.994252 -0.105372 0.018954 0.000000 0.105650 0.994300 -0.014318 11.639000 -0.017337 0.016238 0.999718 0.000000 0.000000 0.000000 0.000000 1.000000
0.994346 -0.105141 0.014847 0.000000 0.105370 0.994311 -0.015608 11.639000 -0.013121 0.017084 0.999768 0.000000 0.000000 0.000000 0.000000 1.000000
0.994658 -0.102350 0.013384 0.000000 0.102584 0.994560 -0.018104 11.639000 -0.011458 0.019380 0.999747 -0.000000 0.000000 0.000000 0.000000 1.000000
0.995059 -0.098617 0.011523 0.000000 0.098837 0.994893 -0.020451 11.639000 -0.009447 0.021488 0.999724 0.000000 0.000000 0.000000 0.000000 1.000000
0.995692 -0.092450 0.007061 0.000000 0.092587 0.995454 -0.022359 11.639000 -0.004961 0.022917 0.999725 0.000000 0.000000 0.000000 0.000000 1.000000
0.996564 -0.082816 0.001533 0.000000 0.082829 0.996266 -0.024378 11.639000 0.000491 0.024422 0.999702 -0.000000 0.000000 0.000000 0.000000 1.000000
0.997437 -0.071488 -0.003120 -0.000000 0.071385 0.997116 -0.025754 11.639000 0.004952 0.025466 0.999663 -0.000000 0.000000 0.000000 0.000000 1.000000
0.998213 -0.059300 -0.007393 -0.000000 0.059094 0.997927 -0.025488 11.639000 0.008889 0.025005 0.999648 0.000000 0.000000 0.000000 0.000000 1.000000
0.998788 -0.047541 -0.012741 -0.000000 0.047223 0.998591 -0.024220 11.639000 0.013875 0.023589 0.999625 0.000000 0.000000 0.000000 0.000000 1.000000
0.999184 -0.036829 -0.016579 0.000000 0.036431 0.999056 -0.023643 11.639000 0.017435 0.023020 0.999583 0.000000 0.000000 0.000000 0.000000 1.000000
0.999493 -0.028438 -0.014296 -0.000000 0.028095 0.999326 -0.023643 11.639000 0.014958 0.023229 0.999618 0.000000 0.000000 0.000000 0.000000 1.000000
0.999660 -0.025413 -0.005873 0.000000 0.025273 0.999423 -0.022693 11.639000 0.006446 0.022537 0.999725 0.000000 0.000000 0.000000 0.000000 1.000000
0.999615 -0.027550 0.003226 -0.000000 0.027609 0.999416 -0.020139 11.639000 -0.002670 0.020220 0.999792 0.000000 0.000000 0.000000 0.000000 1.000000</float_array>
        <technique_common>
          <accessor source="#mixamorig4_Spine1-Matrix-animation-output-transform-array" count="29" stride="16">
            <param type="float4x4"/>
          </accessor>
        </technique_common>
      </source>
      <source id="mixamorig4_Spine1-Interpolations">
        <Name_array id="mixamorig4_Spine1-Interpolations-array" count="29">
 LINEAR LINEAR LINEAR LINEAR LINEAR LINEAR LINEAR LINEAR LINEAR LINEAR LINEAR
LINEAR LINEAR LINEAR LINEAR LINEAR LINEAR LINEAR LINEAR LINEAR LINEAR LINEAR LINEAR
LINEAR LINEAR LINEAR LINEAR LINEAR LINEAR</Name_array>
        <technique_common>
          <accessor source="#mixamorig4_Spine1-Interpolations-array" count="29">
            <param type="name"/>
          </accessor>
        </technique_common>
      </source>
      <sampler id="mixamorig4_Spine1-Matrix-animation-transform">
        <input semantic="INPUT" source="#mixamorig4_Spine1-Matrix-animation-input"/>
        <input semantic="OUTPUT" source="#mixamorig4_Spine1-Matrix-animation-output-transform"/>
        <input semantic="INTERPOLATION" source="#mixamorig4_Spine1-Interpolations"/>
      </sampler>
      <channel source="#mixamorig4_Spine1-Matrix-animation-transform" target="mixamorig4_Spine1/matrix"/>
    </animation>
    <animation id="mixamorig4_Spine2-anim" name="mixamorig4_Spine2">
      <source id="mixamorig4_Spine2-Matrix-animation-input">
        <float_array id="mixamorig4_Spine2-Matrix-animation-input-array" count="29">

0.000000 0.033333 0.066667 0.100000 0.133333 0.166667 0.200000 0.233333 0.266667 0.300000 0.333333 0.366667 0.400000 0.433333 0.466667 0.500000
0.533333 0.566667 0.600000 0.633333 0.666667 0.700000 0.733333 0.766667 0.800000 0.833333 0.866667 0.900000 0.933333</float_array>
        <technique_common>
          <accessor source="#mixamorig4_Spine2-Matrix-animation-input-array" count="29">
            <param name="TIME" type="float"/>
          </accessor>
        </technique_common>
      </source>
      <source id="mixamorig4_Spine2-Matrix-animation-output-transform">
        <float_array id="mixamorig4_Spine2-Matrix-animation-output-transform-array" count="464">

0.999611 -0.027641 0.003604 0.000000 0.027707 0.999422 -0.019687 13.301700 -0.003058 0.019779 0.999800 0.000000 0.000000 0.000000 0.000000 1.000000
0.999608 -0.027242 0.006386 0.000000 0.027373 0.999398 -0.021305 13.301700 -0.005801 0.021472 0.999753 0.000000 0.000000 0.000000 0.000000 1.000000
0.999592 -0.027339 0.008306 0.000000 0.027524 0.999357 -0.022978 13.301700 -0.007672 0.023197 0.999701 0.000000 0.000000 0.000000 0.000000 1.000000
0.999558 -0.027848 0.010452 0.000000 0.028100 0.999298 -0.024783 13.301700 -0.009755 0.025066 0.999638 0.000000 0.000000 0.000000 0.000000 1.000000
0.999518 -0.027986 0.013435 0.000000 0.028335 0.999247 -0.026520 13.301700 -0.012683 0.026888 0.999558 0.000000 0.000000 0.000000 0.000000 1.000000
0.999470 -0.027775 0.016950 0.000000 0.028230 0.999230 -0.027246 13.301700 -0.016181 0.027710 0.999485 0.000000 0.000000 0.000000 0.000000 1.000000
0.999396 -0.027921 0.020678 0.000000 0.028459 0.999251 -0.026225 13.301700 -0.019930 0.026798 0.999442 -0.000000 0.000000 0.000000 0.000000 1.000000
0.999310 -0.028624 0.023672 -0.000000 0.029184 0.999294 -0.023671 13.301700 -0.022978 0.024345 0.999440 0.000000 0.000000 0.000000 0.000000 1.000000
0.999264 -0.029362 0.024704 0.000000 0.029873 0.999342 -0.020560 13.301700 -0.024084 0.021283 0.999483 0.000000 0.000000 0.000000 0.000000 1.000000
0.999232 -0.029814 0.025434 -0.000000 0.030274 0.999381 -0.017926 13.301700 -0.024884 0.018682 0.999516 -0.000000 0.000000 0.000000 0.000000 1.000000
0.999142 -0.030548 0.027966 0.000000 0.030994 0.999397 -0.015664 13.301700 -0.027470 0.016517 0.999486 -0.000000 0.000000 0.000000 0.000000 1.000000
0.998982 -0.031872 0.031930 -0.000000 0.032296 0.999396 -0.012858 13.301700 -0.031501 0.013877 0.999407 -0.000000 0.000000 0.000000 0.000000 1.000000
0.998884 -0.031832 0.034905 0.000000 0.032206 0.999429 -0.010208 13.301700 -0.034560 0.011320 0.999339 0.000000 0.000000 0.000000 0.000000 1.000000
0.998972 -0.029867 0.034115 -0.000000 0.030200 0.999501 -0.009281 13.301700 -0.033821 0.010301 0.999375 -0.000000 0.000000 0.000000 0.000000 1.000000
0.999111 -0.029384 0.030220 0.000000 0.029710 0.999504 -0.010407 13.301700 -0.029899 0.011296 0.999489 0.000000 0.000000 0.000000 0.000000 1.000000
0.999200 -0.031125 0.025121 0.000000 0.031448 0.999426 -0.012568 13.301700 -0.024716 0.013348 0.999605 0.000000 0.000000 0.000000 0.000000 1.000000
0.999270 -0.032908 0.019426 0.000000 0.033181 0.999353 -0.013880 13.301700 -0.018957 0.014514 0.999715 -0.000000 0.000000 0.000000 0.000000 1.000000
0.999361 -0.032359 0.015196 0.000000 0.032590 0.999353 -0.015205 13.301700 -0.014694 0.015691 0.999769 0.000000 0.000000 0.000000 0.000000 1.000000
0.999423 -0.031122 0.013641 0.000000 0.031361 0.999351 -0.017696 13.301700 -0.013082 0.018113 0.999750 0.000000 0.000000 0.000000 0.000000 1.000000
0.999426 -0.031795 0.011697 0.000000 0.032025 0.999287 -0.020019 13.301700 -0.011052 0.020383 0.999731 0.000000 0.000000 0.000000 0.000000 1.000000
0.999450 -0.032396 0.007122 0.000000 0.032545 0.999231 -0.021891 13.301700 -0.006408 0.022111 0.999735 0.000000 0.000000 0.000000 0.000000 1.000000
0.999511 -0.031243 0.001482 0.000000 0.031269 0.999226 -0.023854 13.301700 -0.000735 0.023888 0.999714 -0.000000 0.000000 0.000000 0.000000 1.000000
0.999560 -0.029485 -0.003303 0.000000 0.029393 0.999251 -0.025157 13.301700 0.004042 0.025048 0.999678 -0.000000 0.000000 0.000000 0.000000 1.000000
0.999598 -0.027271 -0.007736 -0.000000 0.027071 0.999326 -0.024789 13.301700 0.008407 0.024570 0.999663 -0.000000 0.000000 0.000000 0.000000 1.000000
0.999598 -0.025154 -0.013116 0.000000 0.024842 0.999416 -0.023445 13.301700 0.013698 0.023110 0.999639 -0.000000 0.000000 0.000000 0.000000 1.000000
0.999592 -0.023086 -0.016796 -0.000000 0.022699 0.999480 -0.022898 13.301700 0.017316 0.022508 0.999597 -0.000000 0.000000 0.000000 0.000000 1.000000
0.999661 -0.021766 -0.014278 0.000000 0.021434 0.999505 -0.023012 13.301700 0.014772 0.022699 0.999633 0.000000 0.000000 0.000000 0.000000 1.000000
0.999705 -0.023612 -0.005664 -0.000000 0.023481 0.999478 -0.022173 13.301700 0.006184 0.022034 0.999738 0.000000 0.000000 0.000000 0.000000 1.000000
0.999611 -0.027641 0.003605 -0.000000 0.027707 0.999422 -0.019687 13.301700 -0.003058 0.019779 0.999800 -0.000000 0.000000 0.000000 0.000000 1.000000</float_array>
        <technique_common>
          <accessor source="#mixamorig4_Spine2-Matrix-animation-output-transform-array" count="29" stride="16">
            <param type="float4x4"/>
          </accessor>
        </technique_common>
      </source>
      <source id="mixamorig4_Spine2-Interpolations">
        <Name_array id="mixamorig4_Spine2-Interpolations-array" count="29">
 LINEAR LINEAR LINEAR LINEAR LINEAR LINEAR LINEAR LINEAR LINEAR LINEAR LINEAR
LINEAR LINEAR LINEAR LINEAR LINEAR LINEAR LINEAR LINEAR LINEAR LINEAR LINEAR LINEAR
LINEAR LINEAR LINEAR LINEAR LINEAR LINEAR</Name_array>
        <technique_common>
          <accessor source="#mixamorig4_Spine2-Interpolations-array" count="29">
            <param type="name"/>
          </accessor>
        </technique_common>
      </source>
      <sampler id="mixamorig4_Spine2-Matrix-animation-transform">
        <input semantic="INPUT" source="#mixamorig4_Spine2-Matrix-animation-input"/>
        <input semantic="OUTPUT" source="#mixamorig4_Spine2-Matrix-animation-output-transform"/>
        <input semantic="INTERPOLATION" source="#mixamorig4_Spine2-Interpolations"/>
      </sampler>
      <channel source="#mixamorig4_Spine2-Matrix-animation-transform" target="mixamorig4_Spine2/matrix"/>
    </animation>
    <animation id="mixamorig4_Neck-anim" name="mixamorig4_Neck">
      <source id="mixamorig4_Neck-Matrix-animation-input">
        <float_array id="mixamorig4_Neck-Matrix-animation-input-array" count="29">

0.000000 0.033333 0.066667 0.100000 0.133333 0.166667 0.200000 0.233333 0.266667 0.300000 0.333333 0.366667 0.400000 0.433333 0.466667 0.500000
0.533333 0.566667 0.600000 0.633333 0.666667 0.700000 0.733333 0.766667 0.800000 0.833333 0.866667 0.900000 0.933333</float_array>
        <technique_common>
          <accessor source="#mixamorig4_Neck-Matrix-animation-input-array" count="29">
            <param name="TIME" type="float"/>
          </accessor>
        </technique_common>
      </source>
      <source id="mixamorig4_Neck-Matrix-animation-output-transform">
        <float_array id="mixamorig4_Neck-Matrix-animation-output-transform-array" count="464">

0.999968 -0.007936 -0.001378 0.000000 0.007513 0.980653 -0.195609 14.964400 0.002904 0.195592 0.980681 0.000000 0.000000 0.000000 0.000000 1.000000
0.999950 -0.002117 0.009811 0.000000 0.003976 0.981080 -0.193561 14.964400 -0.009215 0.193591 0.981039 0.000000 0.000000 0.000000 0.000000 1.000000
0.999466 0.007777 0.031730 0.000000 -0.001391 0.980502 -0.196504 14.964400 -0.032640 0.196355 0.979990 -0.000000 0.000000 0.000000 0.000000 1.000000
0.998032 0.019233 0.059693 0.000000 -0.006644 0.978885 -0.204305 14.964400 -0.062362 0.203507 0.977086 0.000000 0.000000 0.000000 0.000000 1.000000
0.995511 0.030249 0.089684 0.000000 -0.010345 0.976653 -0.214575 14.964400 -0.094081 0.212684 0.972581 0.000000 0.000000 0.000000 0.000000 1.000000
0.992330 0.038561 0.117448 0.000000 -0.011285 0.974393 -0.224566 14.964400 -0.123100 0.221519 0.967355 0.000000 0.000000 0.000000 0.000000 1.000000
0.989408 0.043615 0.138457 0.000000 -0.010341 0.972551 -0.232462 14.964400 -0.144795 0.228568 0.962700 -0.000000 0.000000 0.000000 0.000000 1.000000
0.987725 0.045711 0.149365 0.000000 -0.009147 0.971508 -0.236832 14.964400 -0.155936 0.232559 0.960000 0.000000 0.000000 0.000000 0.000000 1.000000
0.986741 0.046805 0.155404 0.000000 -0.008468 0.971058 -0.238695 14.964400 -0.162079 0.234214 0.958579 -0.000000 0.000000 0.000000 0.000000 1.000000
0.986397 0.047547 0.157354 0.000000 -0.008685 0.970990 -0.238962 14.964400 -0.164151 0.234345 0.958195 -0.000000 0.000000 0.000000 0.000000 1.000000
0.986660 0.047707 0.155647 -0.000000 -0.009222 0.970942 -0.239137 14.964400 -0.162533 0.234511 0.958430 -0.000000 0.000000 0.000000 0.000000 1.000000
0.987304 0.047250 0.151654 0.000000 -0.009578 0.970706 -0.240080 14.964400 -0.158555 0.235580 0.958834 -0.000000 0.000000 0.000000 0.000000 1.000000
0.988109 0.046643 0.146507 0.000000 -0.010148 0.970581 -0.240559 14.964400 -0.153417 0.236212 0.959514 0.000000 0.000000 0.000000 0.000000 1.000000
0.989096 0.044726 0.140314 0.000000 -0.010055 0.971053 -0.238652 14.964400 -0.146927 0.234639 0.960915 0.000000 0.000000 0.000000 0.000000 1.000000
0.990369 0.039371 0.132735 0.000000 -0.007176 0.972024 -0.234773 14.964400 -0.138265 0.231560 0.962945 0.000000 0.000000 0.000000 0.000000 1.000000
0.991825 0.032783 0.123325 0.000000 -0.003397 0.972879 -0.231291 14.964400 -0.127562 0.228981 0.965037 0.000000 0.000000 0.000000 0.000000 1.000000
0.993318 0.028600 0.111813 0.000000 -0.002221 0.973367 -0.229240 14.964400 -0.115391 0.227460 0.966927 -0.000000 0.000000 0.000000 0.000000 1.000000
0.994787 0.025092 0.098839 0.000000 -0.002065 0.974011 -0.226492 14.964400 -0.101953 0.225107 0.968985 0.000000 0.000000 0.000000 0.000000 1.000000
0.996152 0.019380 0.085470 0.000000 0.000056 0.975102 -0.221757 14.964400 -0.087640 0.220909 0.971349 0.000000 0.000000 0.000000 0.000000 1.000000
0.997325 0.011621 0.072160 0.000000 0.004247 0.976399 -0.215934 14.964400 -0.072966 0.215663 0.973738 -0.000000 0.000000 0.000000 0.000000 1.000000
0.998242 0.003795 0.059154 0.000000 0.008704 0.977744 -0.209621 14.964400 -0.058633 0.209767 0.975992 -0.000000 0.000000 0.000000 0.000000 1.000000
0.998897 -0.003390 0.046826 -0.000000 0.012860 0.978998 -0.203466 14.964400 -0.045152 0.203844 0.977962 0.000000 0.000000 0.000000 0.000000 1.000000
0.999325 -0.009531 0.035483 0.000000 0.016414 0.979846 -0.199081 14.964400 -0.032870 0.199529 0.979341 0.000000 0.000000 0.000000 0.000000 1.000000
0.999582 -0.013921 0.025337 0.000000 0.018642 0.980250 -0.196882 14.964400 -0.022095 0.197272 0.980100 -0.000000 0.000000 0.000000 0.000000 1.000000
0.999724 -0.016624 0.016592 0.000000 0.019553 0.980450 -0.195796 14.964400 -0.013013 0.196067 0.980504 0.000000 0.000000 0.000000 0.000000 1.000000
0.999808 -0.017092 0.009554 0.000000 0.018633 0.980463 -0.195819 14.964400 -0.006020 0.195959 0.980594 -0.000000 0.000000 0.000000 0.000000 1.000000
0.999878 -0.014931 0.004521 -0.000000 0.015529 0.980255 -0.197126 14.964400 -0.001489 0.197172 0.980368 -0.000000 0.000000 0.000000 0.000000 1.000000
0.999934 -0.011464 0.000575 0.000000 0.011351 0.980185 -0.197758 14.964400 0.001704 0.197752 0.980251 -0.000000 0.000000 0.000000 0.000000 1.000000
0.999968 -0.007936 -0.001378 -0.000000 0.007513 0.980653 -0.195609 14.964400 0.002904 0.195592 0.980681 -0.000000 0.000000 0.000000 0.000000 1.000000</float_array>
        <technique_common>
          <accessor source="#mixamorig4_Neck-Matrix-animation-output-transform-array" count="29" stride="16">
            <param type="float4x4"/>
          </accessor>
        </technique_common>
      </source>
      <source id="mixamorig4_Neck-Interpolations">
        <Name_array id="mixamorig4_Neck-Interpolations-array" count="29">
 LINEAR LINEAR LINEAR LINEAR LINEAR LINEAR LINEAR LINEAR LINEAR LINEAR LINEAR
LINEAR LINEAR LINEAR LINEAR LINEAR LINEAR LINEAR LINEAR LINEAR LINEAR LINEAR LINEAR
LINEAR LINEAR LINEAR LINEAR LINEAR LINEAR</Name_array>
        <technique_common>
          <accessor source="#mixamorig4_Neck-Interpolations-array" count="29">
            <param type="name"/>
          </accessor>
        </technique_common>
      </source>
      <sampler id="mixamorig4_Neck-Matrix-animation-transform">
        <input semantic="INPUT" source="#mixamorig4_Neck-Matrix-animation-input"/>
        <input semantic="OUTPUT" source="#mixamorig4_Neck-Matrix-animation-output-transform"/>
        <input semantic="INTERPOLATION" source="#mixamorig4_Neck-Interpolations"/>
      </sampler>
      <channel source="#mixamorig4_Neck-Matrix-animation-transform" target="mixamorig4_Neck/matrix"/>
    </animation>
    <animation id="mixamorig4_Head-anim" name="mixamorig4_Head">
      <source id="mixamorig4_Head-Matrix-animation-input">
        <float_array id="mixamorig4_Head-Matrix-animation-input-array" count="29">

0.000000 0.033333 0.066667 0.100000 0.133333 0.166667 0.200000 0.233333 0.266667 0.300000 0.333333 0.366667 0.400000 0.433333 0.466667 0.500000
0.533333 0.566667 0.600000 0.633333 0.666667 0.700000 0.733333 0.766667 0.800000 0.833333 0.866667 0.900000 0.933333</float_array>
        <technique_common>
          <accessor source="#mixamorig4_Head-Matrix-animation-input-array" count="29">
            <param name="TIME" type="float"/>
          </accessor>
        </technique_common>
      </source>
      <source id="mixamorig4_Head-Matrix-animation-output-transform">
        <float_array id="mixamorig4_Head-Matrix-animation-output-transform-array" count="464">

0.999962 -0.008586 -0.001744 0.000000 0.008374 0.995155 -0.097958 7.468700 0.002577 0.097939 0.995189 2.577500 0.000000 0.000000 0.000000 1.000000
0.999955 -0.002342 0.009156 -0.000000 0.003211 0.995361 -0.096158 7.468700 -0.008888 0.096184 0.995324 2.577500 0.000000 0.000000 0.000000 1.000000
0.999503 0.008647 0.030320 0.000000 -0.005576 0.994978 -0.099934 7.468700 -0.031031 0.099715 0.994532 2.577500 0.000000 0.000000 0.000000 1.000000
0.998128 0.021585 0.057224 0.000000 -0.015239 0.993915 -0.109087 7.468700 -0.059231 0.108010 0.992384 2.577500 0.000000 0.000000 0.000000 1.000000
0.995707 0.034180 0.086025 -0.000000 -0.023604 0.992362 -0.121083 7.468700 -0.089506 0.118532 0.988908 2.577500 0.000000 0.000000 0.000000 1.000000
0.992666 0.043884 0.112645 0.000000 -0.028715 0.990711 -0.132919 7.468700 -0.117432 0.128710 0.984705 2.577500 0.000000 0.000000 0.000000 1.000000
0.989895 0.049876 0.132741 0.000000 -0.030752 0.989331 -0.142404 7.468700 -0.138428 0.136883 0.980867 2.577500 0.000000 0.000000 0.000000 1.000000
0.988327 0.052289 0.143095 0.000000 -0.030909 0.988543 -0.147742 7.468700 -0.149181 0.141594 0.978620 2.577500 0.000000 0.000000 0.000000 1.000000
0.987432 0.053432 0.148736 -0.000000 -0.030839 0.988166 -0.150257 7.468700 -0.155004 0.143782 0.977395 2.577500 0.000000 0.000000 0.000000 1.000000
0.987147 0.054053 0.150398 0.000000 -0.031109 0.988056 -0.150921 7.468700 -0.156759 0.144303 0.977038 2.577500 0.000000 0.000000 0.000000 1.000000
0.987440 0.053936 0.148501 0.000000 -0.031219 0.988001 -0.151259 7.468700 -0.154877 0.144723 0.977276 2.577500 0.000000 0.000000 0.000000 1.000000
0.988096 0.053069 0.144398 0.000000 -0.030819 0.987873 -0.152177 7.468700 -0.150723 0.145916 0.977748 2.577500 0.000000 0.000000 0.000000 1.000000
0.988896 0.051958 0.139233 0.000000 -0.030437 0.987841 -0.152459 7.468700 -0.145462 0.146528 0.978453 2.577500 0.000000 0.000000 0.000000 1.000000
0.989859 0.049493 0.133152 0.000000 -0.029212 0.988230 -0.150159 7.468700 -0.139016 0.144747 0.979654 2.577500 0.000000 0.000000 0.000000 1.000000
0.991098 0.043559 0.125809 0.000000 -0.024973 0.989015 -0.145693 7.468700 -0.130774 0.141254 0.981298 2.577500 0.000000 0.000000 0.000000 1.000000
0.992500 0.036354 0.116713 0.000000 -0.019617 0.989748 -0.141469 7.468700 -0.120659 0.138118 0.983038 2.577500 0.000000 0.000000 0.000000 1.000000
0.993913 0.031528 0.105564 -0.000000 -0.016694 0.990214 -0.138555 7.468700 -0.108899 0.135950 0.984712 2.577500 0.000000 0.000000 0.000000 1.000000
0.995285 0.027383 0.093046 0.000000 -0.014653 0.990760 -0.134832 7.468700 -0.095878 0.132832 0.986490 2.577500 0.000000 0.000000 0.000000 1.000000
0.996551 0.021067 0.080259 0.000000 -0.010570 0.991583 -0.129038 7.468700 -0.082302 0.127744 0.988386 2.577500 0.000000 0.000000 0.000000 1.000000
0.997627 0.012763 0.067652 0.000000 -0.004416 0.992506 -0.122119 7.468700 -0.068703 0.121531 0.990207 2.577500 0.000000 0.000000 0.000000 1.000000
0.998454 0.004451 0.055409 0.000000 0.001940 0.993391 -0.114760 7.468700 -0.055554 0.114690 0.991847 2.577500 0.000000 0.000000 0.000000 1.000000
0.999033 -0.003168 0.043847 0.000000 0.007878 0.994155 -0.107678 7.468700 -0.043249 0.107920 0.993218 2.577500 0.000000 0.000000 0.000000 1.000000
0.999402 -0.009690 0.033202 0.000000 0.013050 0.994643 -0.102546 7.468700 -0.032030 0.102918 0.994174 2.577500 0.000000 0.000000 0.000000 1.000000
0.999617 -0.014385 0.023657 -0.000000 0.016679 0.994867 -0.099806 7.468700 -0.022100 0.100162 0.994726 2.577500 0.000000 0.000000 0.000000 1.000000
0.999732 -0.017290 0.015412 0.000000 0.018724 0.994974 -0.098366 7.468700 -0.013634 0.098628 0.995031 2.577500 0.000000 0.000000 0.000000 1.000000
0.999803 -0.017839 0.008746 0.000000 0.018612 0.994991 -0.098215 7.468700 -0.006950 0.098359 0.995127 2.577500 0.000000 0.000000 0.000000 1.000000
0.999870 -0.015638 0.003947 0.000000 0.015954 0.994909 -0.099504 7.468700 -0.002371 0.099554 0.995029 2.577500 0.000000 0.000000 0.000000 1.000000
0.999926 -0.012130 0.000152 -0.000000 0.012085 0.994900 -0.100139 7.468700 0.001063 0.100133 0.994973 2.577500 0.000000 0.000000 0.000000 1.000000
0.999962 -0.008586 -0.001744 0.000000 0.008374 0.995155 -0.097958 7.468700 0.002577 0.097939 0.995189 2.577500 0.000000 0.000000 0.000000 1.000000</float_array>
        <technique_common>
          <accessor source="#mixamorig4_Head-Matrix-animation-output-transform-array" count="29" stride="16">
            <param type="float4x4"/>
          </accessor>
        </technique_common>
      </source>
      <source id="mixamorig4_Head-Interpolations">
        <Name_array id="mixamorig4_Head-Interpolations-array" count="29">
 LINEAR LINEAR LINEAR LINEAR LINEAR LINEAR LINEAR LINEAR LINEAR LINEAR LINEAR
LINEAR LINEAR LINEAR LINEAR LINEAR LINEAR LINEAR LINEAR LINEAR LINEAR LINEAR LINEAR
LINEAR LINEAR LINEAR LINEAR LINEAR LINEAR</Name_array>
        <technique_common>
          <accessor source="#mixamorig4_Head-Interpolations-array" count="29">
            <param type="name"/>
          </accessor>
        </technique_common>
      </source>
      <sampler id="mixamorig4_Head-Matrix-animation-transform">
        <input semantic="INPUT" source="#mixamorig4_Head-Matrix-animation-input"/>
        <input semantic="OUTPUT" source="#mixamorig4_Head-Matrix-animation-output-transform"/>
        <input semantic="INTERPOLATION" source="#mixamorig4_Head-Interpolations"/>
      </sampler>
      <channel source="#mixamorig4_Head-Matrix-animation-transform" target="mixamorig4_Head/matrix"/>
    </animation>
    <animation id="mixamorig4_LeftShoulder-anim" name="mixamorig4_LeftShoulder">
      <source id="mixamorig4_LeftShoulder-Matrix-animation-input">
        <float_array id="mixamorig4_LeftShoulder-Matrix-animation-input-array" count="29">

0.000000 0.033333 0.066667 0.100000 0.133333 0.166667 0.200000 0.233333 0.266667 0.300000 0.333333 0.366667 0.400000 0.433333 0.466667 0.500000
0.533333 0.566667 0.600000 0.633333 0.666667 0.700000 0.733333 0.766667 0.800000 0.833333 0.866667 0.900000 0.933333</float_array>
        <technique_common>
          <accessor source="#mixamorig4_LeftShoulder-Matrix-animation-input-array" count="29">
            <param name="TIME" type="float"/>
          </accessor>
