<?xml version="1.0" encoding="utf-8"?>
<COLLADA xmlns="http://www.collada.org/2005/11/COLLADASchema" version="1.4.1">
  <asset>
    <contributor>
      <author>Mixamo</author>
      <authoring_tool>COLLADA Mixamo exporter</authoring_tool>
      <comments/>
    </contributor>
    <created>2025-11-13T15:22:01Z</created>
    <modified>2025-11-13T15:22:01Z</modified>
    <revision/>
    <title/>
    <unit meter="0.010000"/>
    <up_axis>Y_UP</up_axis>
  </asset>
  <library_animations>
    <animation id="mixamorig4_Hips-anim" name="mixamorig4_Hips">
      <source id="mixamorig4_Hips-Matrix-animation-input">
        <float_array id="mixamorig4_Hips-Matrix-animation-input-array" count="31">

0.000000 0.033333 0.066667 0.100000 0.133333 0.166667 0.200000 0.233333 0.266667 0.300000 0.333333 0.366667 0.400000 0.433333 0.466667 0.500000
0.533333 0.566667 0.600000 0.633333 0.666667 0.700000 0.733333 0.766667 0.800000 0.833333 0.866667 0.900000 0.933333 0.966667 1.000000</float_array>
        <technique_common>
          <accessor source="#mixamorig4_Hips-Matrix-animation-input-array" count="31">
            <param name="TIME" type="float"/>
          </accessor>
        </technique_common>
      </source>
      <source id="mixamorig4_Hips-Matrix-animation-output-transform">
        <float_array id="mixamorig4_Hips-Matrix-animation-output-transform-array" count="496">

0.870232 -0.024727 -0.492022 0.219963 -0.057133 0.986935 -0.150649 91.010330 0.489319 0.159211 0.857449 -1.064488 0.000000 0.000000 0.000000 1.000000
0.841456 -0.035403 -0.539164 0.521805 -0.061553 0.985075 -0.160746 90.641769 0.536808 0.168448 0.826718 -1.455879 0.000000 0.000000 0.000000 1.000000
0.836138 -0.045221 -0.546651 1.237098 -0.066855 0.980764 -0.183392 90.051498 0.544429 0.189887 0.817031 -1.692069 0.000000 0.000000 0.000000 1.000000
0.851062 -0.054148 -0.522265 2.082776 -0.069693 0.974218 -0.214575 89.425217 0.520419 0.219014 0.825346 -1.987077 0.000000 0.000000 0.000000 1.000000
0.884033 -0.055883 -0.464072 2.583806 -0.065887 0.968017 -0.242078 88.859596 0.462758 0.244581 0.852077 -2.174244 0.000000 0.000000 0.000000 1.000000
0.933269 -0.045356 -0.356303 2.589951 -0.050542 0.965541 -0.255297 88.457962 0.355604 0.256269 0.898817 -2.109885 0.000000 0.000000 0.000000 1.000000
0.983412 -0.022362 -0.180000 2.038088 -0.027260 0.962878 -0.268558 88.324257 0.179323 0.269010 0.946296 -1.538545 0.000000 0.000000 0.000000 1.000000
0.998239 0.015558 0.057238 1.106815 0.000546 0.962538 -0.271147 88.343391 -0.059313 0.270701 0.960834 -0.522150 0.000000 0.000000 0.000000 1.000000
0.943467 0.061463 0.325717 0.404459 0.024225 0.967244 -0.252691 88.409485 -0.330579 0.246296 0.911074 0.844457 0.000000 0.000000 0.000000 1.000000
0.813230 0.099440 0.573384 0.209069 0.040057 0.973390 -0.225626 88.411705 -0.580562 0.206454 0.787607 2.325358 0.000000 0.000000 0.000000 1.000000
0.652131 0.117395 0.748962 0.566086 0.047355 0.979700 -0.194795 88.318344 -0.756626 0.162499 0.633334 3.395362 0.000000 0.000000 0.000000 1.000000
0.524095 0.109611 0.844577 0.843664 0.047646 0.986357 -0.157577 88.126495 -0.850326 0.122826 0.511722 4.155408 0.000000 0.000000 0.000000 1.000000
0.466160 0.081185 0.880967 1.113549 0.051762 0.991572 -0.118768 87.713425 -0.883185 0.100966 0.458029 4.447671 0.000000 0.000000 0.000000 1.000000
0.455801 0.060111 0.888050 1.074562 0.060375 0.993331 -0.098226 87.390617 -0.888032 0.098387 0.449132 4.601925 0.000000 0.000000 0.000000 1.000000
0.455340 0.055882 0.888562 0.767800 0.063853 0.993408 -0.095198 87.168098 -0.888025 0.100085 0.448770 5.066531 0.000000 0.000000 0.000000 1.000000
0.458606 0.062840 0.886415 0.401722 0.061168 0.992898 -0.102035 87.013008 -0.886532 0.101015 0.451506 5.626576 0.000000 0.000000 0.000000 1.000000
0.476142 0.073139 0.876321 0.050345 0.055631 0.992034 -0.113024 87.046097 -0.877607 0.102566 0.468280 6.034087 0.000000 0.000000 0.000000 1.000000
0.513971 0.084914 0.853594 -0.099029 0.047891 0.990696 -0.127389 87.287720 -0.856469 0.106354 0.505123 6.199670 0.000000 0.000000 0.000000 1.000000
0.572556 0.092304 0.814653 0.161634 0.037409 0.989666 -0.138426 87.785957 -0.819012 0.109732 0.563186 5.979682 0.000000 0.000000 0.000000 1.000000
0.647350 0.093543 0.756431 0.566801 0.027901 0.988867 -0.146164 88.388756 -0.761682 0.115724 0.637533 5.634929 0.000000 0.000000 0.000000 1.000000
0.734089 0.086651 0.673502 0.824408 0.021354 0.988389 -0.150438 89.007614 -0.678717 0.124817 0.723715 5.105276 0.000000 0.000000 0.000000 1.000000
0.823527 0.076369 0.562113 0.933879 0.013713 0.987927 -0.154311 89.558403 -0.567111 0.134787 0.812538 4.479925 0.000000 0.000000 0.000000 1.000000
0.902623 0.062267 0.425905 0.852943 0.006201 0.987497 -0.157514 90.096306 -0.430388 0.144817 0.890951 3.817123 0.000000 0.000000 0.000000 1.000000
0.958845 0.053967 0.278753 0.752159 -0.008227 0.986638 -0.162718 90.586617 -0.283810 0.153728 0.946477 3.204846 0.000000 0.000000 0.000000 1.000000
0.988637 0.044082 0.143713 0.747413 -0.019912 0.986014 -0.165466 90.898376 -0.148997 0.160725 0.975688 2.564594 0.000000 0.000000 0.000000 1.000000
0.999286 0.032293 0.019627 0.842103 -0.028628 0.985935 -0.164657 91.006210 -0.024668 0.163978 0.986156 1.890647 0.000000 0.000000 0.000000 1.000000
0.994906 0.019900 -0.098821 0.891424 -0.035805 0.986159 -0.161887 91.118980 0.094231 0.164601 0.981849 1.274042 0.000000 0.000000 0.000000 1.000000
0.977334 0.007954 -0.211553 0.800947 -0.042172 0.986581 -0.157731 91.322845 0.207459 0.163078 0.964555 0.718752 0.000000 0.000000 0.000000 1.000000
0.947757 -0.003544 -0.318972 0.539560 -0.047696 0.987123 -0.152688 91.394554 0.315406 0.159925 0.935384 0.127195 0.000000 0.000000 0.000000 1.000000
0.907004 -0.014322 -0.420879 0.200867 -0.052843 0.987651 -0.147487 91.271957 0.417794 0.156012 0.895047 -0.548599 0.000000 0.000000 0.000000 1.000000
0.870232 -0.024727 -0.492022 0.219961 -0.057133 0.986935 -0.150649 91.010315 0.489319 0.159210 0.857449 -1.064488 0.000000 0.000000 0.000000 1.000000</float_array>
        <technique_common>
          <accessor source="#mixamorig4_Hips-Matrix-animation-output-transform-array" count="31" stride="16">
            <param type="float4x4"/>
          </accessor>
        </technique_common>
      </source>
      <source id="mixamorig4_Hips-Interpolations">
        <Name_array id="mixamorig4_Hips-Interpolations-array" count="31">
 LINEAR LINEAR LINEAR LINEAR LINEAR LINEAR LINEAR LINEAR LINEAR LINEAR LINEAR
LINEAR LINEAR LINEAR LINEAR LINEAR LINEAR LINEAR LINEAR LINEAR LINEAR LINEAR LINEAR
LINEAR LINEAR LINEAR LINEAR LINEAR LINEAR LINEAR LINEAR</Name_array>
        <technique_common>
          <accessor source="#mixamorig4_Hips-Interpolations-array" count="31">
            <param type="name"/>
          </accessor>
        </technique_common>
      </source>
      <sampler id="mixamorig4_Hips-Matrix-animation-transform">
        <input semantic="INPUT" source="#mixamorig4_Hips-Matrix-animation-input"/>
        <input semantic="OUTPUT" source="#mixamorig4_Hips-Matrix-animation-output-transform"/>
        <input semantic="INTERPOLATION" source="#mixamorig4_Hips-Interpolations"/>
      </sampler>
      <channel source="#mixamorig4_Hips-Matrix-animation-transform" target="mixamorig4_Hips/matrix"/>
    </animation>
    <animation id="mixamorig4_Spine-anim" name="mixamorig4_Spine">
      <source id="mixamorig4_Spine-Matrix-animation-input">
        <float_array id="mixamorig4_Spine-Matrix-animation-input-array" count="31">

0.000000 0.033333 0.066667 0.100000 0.133333 0.166667 0.200000 0.233333 0.266667 0.300000 0.333333 0.366667 0.400000 0.433333 0.466667 0.500000
0.533333 0.566667 0.600000 0.633333 0.666667 0.700000 0.733333 0.766667 0.800000 0.833333 0.866667 0.900000 0.933333 0.966667 1.000000</float_array>
        <technique_common>
          <accessor source="#mixamorig4_Spine-Matrix-animation-input-array" count="31">
            <param name="TIME" type="float"/>
          </accessor>
        </technique_common>
      </source>
      <source id="mixamorig4_Spine-Matrix-animation-output-transform">
        <float_array id="mixamorig4_Spine-Matrix-animation-output-transform-array" count="496">

0.999958 -0.009077 0.000944 0.000000 0.008992 0.997649 0.067936 9.927700 -0.001559 -0.067924 0.997689 -0.982900 0.000000 0.000000 0.000000 1.000000
0.999998 -0.002157 0.000041 0.000000 0.002150 0.997886 0.064956 9.927700 -0.000181 -0.064956 0.997888 -0.982900 0.000000 0.000000 0.000000 1.000000
0.999991 -0.000404 -0.004169 -0.000000 0.000663 0.998049 0.062432 9.927700 0.004136 -0.062434 0.998041 -0.982900 0.000000 0.000000 0.000000 1.000000
0.999935 0.000619 -0.011360 0.000000 0.000069 0.998174 0.060406 9.927700 0.011377 -0.060403 0.998109 -0.982900 0.000000 0.000000 0.000000 1.000000
0.999805 0.003747 -0.019374 0.000000 -0.002579 0.998199 0.059938 9.927700 0.019563 -0.059877 0.998014 -0.982900 0.000000 0.000000 0.000000 1.000000
0.999642 0.007500 -0.025697 -0.000000 -0.006108 0.998531 0.053843 9.927700 0.026063 -0.053666 0.998219 -0.982900 0.000000 0.000000 0.000000 1.000000
0.999575 0.002455 -0.029041 0.000000 -0.000824 0.998429 0.056033 9.927700 0.029133 -0.055986 0.998006 -0.982900 0.000000 0.000000 0.000000 1.000000
0.999510 -0.013222 -0.028374 0.000000 0.014837 0.998236 0.057483 9.927700 0.027564 -0.057876 0.997943 -0.982900 0.000000 0.000000 0.000000 1.000000
0.998717 -0.043246 -0.026341 0.000000 0.044774 0.997166 0.060460 9.927700 0.023652 -0.061562 0.997823 -0.982900 0.000000 0.000000 0.000000 1.000000
0.996626 -0.078057 -0.025387 -0.000000 0.079575 0.994668 0.065595 9.927700 0.020132 -0.067394 0.997523 -0.982900 0.000000 0.000000 0.000000 1.000000
0.994228 -0.104145 -0.025793 0.000000 0.105729 0.991894 0.070482 9.927700 0.018243 -0.072802 0.997180 -0.982900 0.000000 0.000000 0.000000 1.000000
0.992981 -0.115486 -0.025531 0.000000 0.117074 0.990407 0.073406 9.927700 0.016809 -0.075880 0.996975 -0.982900 0.000000 0.000000 0.000000 1.000000
0.993188 -0.114273 -0.022791 -0.000000 0.115667 0.990519 0.074120 9.927700 0.014105 -0.076251 0.996989 -0.982900 0.000000 0.000000 0.000000 1.000000
0.994025 -0.107806 -0.017102 -0.000000 0.108780 0.991346 0.073489 9.927700 0.009032 -0.074910 0.997149 -0.982900 0.000000 0.000000 0.000000 1.000000
0.994960 -0.099795 -0.009787 -0.000000 0.100244 0.992313 0.072562 9.927700 0.002470 -0.073177 0.997316 -0.982900 0.000000 0.000000 0.000000 1.000000
0.995782 -0.091715 -0.002474 0.000000 0.091657 0.993209 0.071652 9.927700 -0.004115 -0.071577 0.997427 -0.982900 0.000000 0.000000 0.000000 1.000000
0.996464 -0.083960 0.003313 0.000000 0.083518 0.994002 0.070603 9.927700 -0.009221 -0.070076 0.997499 -0.982900 0.000000 0.000000 0.000000 1.000000
0.997013 -0.076978 0.006208 0.000000 0.076363 0.994655 0.069495 9.927700 -0.011525 -0.068814 0.997563 -0.982900 0.000000 0.000000 0.000000 1.000000
0.997490 -0.070569 0.005891 -0.000000 0.070001 0.995189 0.068548 9.927700 -0.010700 -0.067964 0.997630 -0.982900 0.000000 0.000000 0.000000 1.000000
0.997956 -0.063798 0.003724 -0.000000 0.063401 0.995698 0.067569 9.927700 -0.008019 -0.067195 0.997708 -0.982900 0.000000 0.000000 0.000000 1.000000
0.998451 -0.055601 0.002101 0.000000 0.055339 0.996258 0.066385 9.927700 -0.005785 -0.066166 0.997792 -0.982900 0.000000 0.000000 0.000000 1.000000
0.998985 -0.044981 0.002447 0.000000 0.044725 0.996858 0.065369 9.927700 -0.005380 -0.065194 0.997858 -0.982900 0.000000 0.000000 0.000000 1.000000
0.999427 -0.033594 0.004081 0.000000 0.033256 0.997316 0.065229 9.927700 -0.006261 -0.065056 0.997862 -0.982900 0.000000 0.000000 0.000000 1.000000
0.999538 -0.030062 0.004532 0.000000 0.029696 0.997358 0.066295 9.927700 -0.006513 -0.066130 0.997790 -0.982900 0.000000 0.000000 0.000000 1.000000
0.999556 -0.029517 0.004097 0.000000 0.029175 0.997302 0.067354 9.927700 -0.006074 -0.067205 0.997721 -0.982900 0.000000 0.000000 0.000000 1.000000
0.999536 -0.030290 0.003085 -0.000000 0.030019 0.997349 0.066290 9.927700 -0.005084 -0.066167 0.997796 -0.982900 0.000000 0.000000 0.000000 1.000000
0.999561 -0.029552 0.002166 -0.000000 0.029349 0.997460 0.064897 9.927700 -0.004078 -0.064805 0.997890 -0.982900 0.000000 0.000000 0.000000 1.000000
0.999634 -0.027020 0.001503 -0.000000 0.026866 0.997543 0.064707 9.927700 -0.003247 -0.064643 0.997903 -0.982900 0.000000 0.000000 0.000000 1.000000
0.999768 -0.021484 0.001226 0.000000 0.021356 0.997580 0.066163 9.927700 -0.002645 -0.066122 0.997808 -0.982900 0.000000 0.000000 0.000000 1.000000
0.999916 -0.012817 0.001672 0.000000 0.012677 0.997712 0.066415 9.927700 -0.002520 -0.066388 0.997791 -0.982900 0.000000 0.000000 0.000000 1.000000
0.999958 -0.009077 0.000945 -0.000000 0.008992 0.997649 0.067936 9.927700 -0.001559 -0.067924 0.997689 -0.982900 0.000000 0.000000 0.000000 1.000000</float_array>
        <technique_common>
          <accessor source="#mixamorig4_Spine-Matrix-animation-output-transform-array" count="31" stride="16">
            <param type="float4x4"/>
          </accessor>
        </technique_common>
      </source>
      <source id="mixamorig4_Spine-Interpolations">
        <Name_array id="mixamorig4_Spine-Interpolations-array" count="31">
 LINEAR LINEAR LINEAR LINEAR LINEAR LINEAR LINEAR LINEAR LINEAR LINEAR LINEAR
LINEAR LINEAR LINEAR LINEAR LINEAR LINEAR LINEAR LINEAR LINEAR LINEAR LINEAR LINEAR
LINEAR LINEAR LINEAR LINEAR LINEAR LINEAR LINEAR LINEAR</Name_array>
        <technique_common>
          <accessor source="#mixamorig4_Spine-Interpolations-array" count="31">
            <param type="name"/>
          </accessor>
        </technique_common>
      </source>
      <sampler id="mixamorig4_Spine-Matrix-animation-transform">
        <input semantic="INPUT" source="#mixamorig4_Spine-Matrix-animation-input"/>
        <input semantic="OUTPUT" source="#mixamorig4_Spine-Matrix-animation-output-transform"/>
        <input semantic="INTERPOLATION" source="#mixamorig4_Spine-Interpolations"/>
      </sampler>
      <channel source="#mixamorig4_Spine-Matrix-animation-transform" target="mixamorig4_Spine/matrix"/>
    </animation>
    <animation id="mixamorig4_Spine1-anim" name="mixamorig4_Spine1">
      <source id="mixamorig4_Spine1-Matrix-animation-input">
        <float_array id="mixamorig4_Spine1-Matrix-animation-input-array" count="31">

0.000000 0.033333 0.066667 0.100000 0.133333 0.166667 0.200000 0.233333 0.266667 0.300000 0.333333 0.366667 0.400000 0.433333 0.466667 0.500000
0.533333 0.566667 0.600000 0.633333 0.666667 0.700000 0.733333 0.766667 0.800000 0.833333 0.866667 0.900000 0.933333 0.966667 1.000000</float_array>
        <technique_common>
          <accessor source="#mixamorig4_Spine1-Matrix-animation-input-array" count="31">
            <param name="TIME" type="float"/>
          </accessor>
        </technique_common>
      </source>
      <source id="mixamorig4_Spine1-Matrix-animation-output-transform">
        <float_array id="mixamorig4_Spine1-Matrix-animation-output-transform-array" count="496">

0.999990 -0.004505 0.000830 0.000000 0.004548 0.998041 -0.062400 11.639000 -0.000547 0.062403 0.998051 0.000000 0.000000 0.000000 0.000000 1.000000
0.999996 -0.002718 -0.001089 0.000000 0.002641 0.997849 -0.065502 11.639000 0.001264 0.065499 0.997852 -0.000000 0.000000 0.000000 0.000000 1.000000
0.999965 -0.003230 -0.007669 0.000000 0.002685 0.997540 -0.070048 11.639000 0.007876 0.070025 0.997514 0.000000 0.000000 0.000000 0.000000 1.000000
0.999783 -0.003702 -0.020508 0.000000 0.002148 0.997160 -0.075288 11.639000 0.020728 0.075227 0.996951 0.000000 0.000000 0.000000 0.000000 1.000000
0.999348 -0.004619 -0.035810 -0.000000 0.001758 0.996832 -0.079516 11.639000 0.036064 0.079401 0.996190 0.000000 0.000000 0.000000 0.000000 1.000000
0.998773 -0.006235 -0.049133 -0.000000 0.002002 0.996315 -0.085743 11.639000 0.049486 0.085539 0.995105 -0.000000 0.000000 0.000000 0.000000 1.000000
0.998309 -0.011038 -0.057071 0.000000 0.006190 0.996411 -0.084424 11.639000 0.057798 0.083928 0.994794 -0.000000 0.000000 0.000000 0.000000 1.000000
0.998204 -0.017557 -0.057271 -0.000000 0.012870 0.996614 -0.081205 11.639000 0.058503 0.080323 0.995051 0.000000 0.000000 0.000000 0.000000 1.000000
0.998306 -0.029905 -0.049909 0.000000 0.026065 0.996774 -0.075907 11.639000 0.052018 0.074478 0.995865 0.000000 0.000000 0.000000 0.000000 1.000000
0.998315 -0.045401 -0.036149 -0.000000 0.042815 0.996673 -0.069347 11.639000 0.039177 0.067683 0.996937 0.000000 0.000000 0.000000 0.000000 1.000000
0.998138 -0.058394 -0.017607 0.000000 0.057157 0.996307 -0.064077 11.639000 0.021283 0.062951 0.997790 0.000000 0.000000 0.000000 0.000000 1.000000
0.997890 -0.064840 0.003496 0.000000 0.064932 0.995959 -0.062046 11.639000 0.000541 0.062142 0.998067 0.000000 0.000000 0.000000 0.000000 1.000000
0.997664 -0.063996 0.023915 0.000000 0.065400 0.995839 -0.063463 11.639000 -0.019754 0.064879 0.997698 0.000000 0.000000 0.000000 0.000000 1.000000
0.997527 -0.057323 0.040658 -0.000000 0.059941 0.995991 -0.066407 11.639000 -0.036688 0.068680 0.996964 0.000000 0.000000 0.000000 0.000000 1.000000
0.997456 -0.047824 0.052858 -0.000000 0.051414 0.996307 -0.068772 11.639000 -0.049374 0.071314 0.996231 -0.000000 0.000000 0.000000 0.000000 1.000000
0.997377 -0.038788 0.061105 -0.000000 0.043060 0.996601 -0.070224 11.639000 -0.058173 0.072671 0.995658 0.000000 0.000000 0.000000 0.000000 1.000000
0.997355 -0.031713 0.065408 -0.000000 0.036372 0.996791 -0.071312 11.639000 -0.062937 0.073502 0.995307 0.000000 0.000000 0.000000 0.000000 1.000000
0.997557 -0.026309 0.064720 0.000000 0.030964 0.996924 -0.072003 11.639000 -0.062627 0.073831 0.995302 -0.000000 0.000000 0.000000 0.000000 1.000000
0.998053 -0.021951 0.058374 0.000000 0.026143 0.997059 -0.072038 11.639000 -0.056621 0.073424 0.995692 0.000000 0.000000 0.000000 0.000000 1.000000
0.998699 -0.018165 0.047647 0.000000 0.021562 0.997187 -0.071788 11.639000 -0.046209 0.072722 0.996281 0.000000 0.000000 0.000000 0.000000 1.000000
0.999257 -0.014357 0.035776 0.000000 0.016896 0.997284 -0.071693 11.639000 -0.034649 0.072244 0.996785 0.000000 0.000000 0.000000 0.000000 1.000000
0.999616 -0.009939 0.025865 0.000000 0.011764 0.997381 -0.071368 11.639000 -0.025088 0.071645 0.997115 -0.000000 0.000000 0.000000 0.000000 1.000000
0.999811 -0.004913 0.018802 -0.000000 0.006214 0.997541 -0.069804 11.639000 -0.018412 0.069908 0.997384 -0.000000 0.000000 0.000000 0.000000 1.000000
0.999892 -0.003680 0.014243 -0.000000 0.004633 0.997714 -0.067424 11.639000 -0.013962 0.067482 0.997623 -0.000000 0.000000 0.000000 0.000000 1.000000
0.999929 -0.004639 0.011014 0.000000 0.005352 0.997831 -0.065610 11.639000 -0.010686 0.065664 0.997785 0.000000 0.000000 0.000000 0.000000 1.000000
0.999940 -0.007151 0.008343 0.000000 0.007681 0.997831 -0.065373 11.639000 -0.007857 0.065433 0.997826 -0.000000 0.000000 0.000000 0.000000 1.000000
0.999941 -0.008904 0.006242 0.000000 0.009294 0.997806 -0.065553 11.639000 -0.005645 0.065607 0.997830 0.000000 0.000000 0.000000 0.000000 1.000000
0.999946 -0.009332 0.004557 0.000000 0.009609 0.997832 -0.065111 11.639000 -0.003939 0.065151 0.997868 -0.000000 0.000000 0.000000 0.000000 1.000000
0.999964 -0.007847 0.003135 0.000000 0.008031 0.997937 -0.063689 11.639000 -0.002628 0.063712 0.997965 0.000000 0.000000 0.000000 0.000000 1.000000
0.999988 -0.004311 0.002110 -0.000000 0.004435 0.998004 -0.062992 11.639000 -0.001834 0.063001 0.998012 0.000000 0.000000 0.000000 0.000000 1.000000
0.999990 -0.004505 0.000830 0.000000 0.004548 0.998041 -0.062400 11.639000 -0.000547 0.062403 0.998051 0.000000 0.000000 0.000000 0.000000 1.000000</float_array>
        <technique_common>
          <accessor source="#mixamorig4_Spine1-Matrix-animation-output-transform-array" count="31" stride="16">
            <param type="float4x4"/>
          </accessor>
        </technique_common>
      </source>
      <source id="mixamorig4_Spine1-Interpolations">
        <Name_array id="mixamorig4_Spine1-Interpolations-array" count="31">
 LINEAR LINEAR LINEAR LINEAR LINEAR LINEAR LINEAR LINEAR LINEAR LINEAR LINEAR
LINEAR LINEAR LINEAR LINEAR LINEAR LINEAR LINEAR LINEAR LINEAR LINEAR LINEAR LINEAR
LINEAR LINEAR LINEAR LINEAR LINEAR LINEAR LINEAR LINEAR</Name_array>
        <technique_common>
          <accessor source="#mixamorig4_Spine1-Interpolations-array" count="31">
            <param type="name"/>
          </accessor>
        </technique_common>
      </source>
      <sampler id="mixamorig4_Spine1-Matrix-animation-transform">
        <input semantic="INPUT" source="#mixamorig4_Spine1-Matrix-animation-input"/>
        <input semantic="OUTPUT" source="#mixamorig4_Spine1-Matrix-animation-output-transform"/>
        <input semantic="INTERPOLATION" source="#mixamorig4_Spine1-Interpolations"/>
      </sampler>
      <channel source="#mixamorig4_Spine1-Matrix-animation-transform" target="mixamorig4_Spine1/matrix"/>
    </animation>
    <animation id="mixamorig4_Spine2-anim" name="mixamorig4_Spine2">
      <source id="mixamorig4_Spine2-Matrix-animation-input">
        <float_array id="mixamorig4_Spine2-Matrix-animation-input-array" count="31">

0.000000 0.033333 0.066667 0.100000 0.133333 0.166667 0.200000 0.233333 0.266667 0.300000 0.333333 0.366667 0.400000 0.433333 0.466667 0.500000
0.533333 0.566667 0.600000 0.633333 0.666667 0.700000 0.733333 0.766667 0.800000 0.833333 0.866667 0.900000 0.933333 0.966667 1.000000</float_array>
        <technique_common>
          <accessor source="#mixamorig4_Spine2-Matrix-animation-input-array" count="31">
            <param name="TIME" type="float"/>
          </accessor>
        </technique_common>
      </source>
      <source id="mixamorig4_Spine2-Matrix-animation-output-transform">
        <float_array id="mixamorig4_Spine2-Matrix-animation-output-transform-array" count="496">

0.999989 -0.004505 0.000885 0.000000 0.004551 0.998041 -0.062396 13.301700 -0.000602 0.062399 0.998051 -0.000000 0.000000 0.000000 0.000000 1.000000
0.999996 -0.002709 -0.001181 0.000000 0.002626 0.997849 -0.065498 13.301700 0.001355 0.065495 0.997852 -0.000000 0.000000 0.000000 0.000000 1.000000
0.999965 -0.003222 -0.007694 -0.000000 0.002676 0.997540 -0.070047 13.301700 0.007901 0.070024 0.997514 0.000000 0.000000 0.000000 0.000000 1.000000
0.999782 -0.003700 -0.020531 0.000000 0.002144 0.997159 -0.075289 13.301700 0.020752 0.075229 0.996950 0.000000 0.000000 0.000000 0.000000 1.000000
0.999342 -0.004653 -0.035966 0.000000 0.001781 0.996836 -0.079460 13.301700 0.036222 0.079343 0.996189 0.000000 0.000000 0.000000 0.000000 1.000000
0.998756 -0.006118 -0.049492 0.000000 0.001864 0.996331 -0.085564 13.301700 0.049834 0.085366 0.995103 0.000000 0.000000 0.000000 0.000000 1.000000
0.998298 -0.010968 -0.057281 0.000000 0.006109 0.996420 -0.084317 13.301700 0.058000 0.083824 0.994791 0.000000 0.000000 0.000000 0.000000 1.000000
0.998207 -0.017504 -0.057245 0.000000 0.012816 0.996611 -0.081254 13.301700 0.058473 0.080374 0.995048 0.000000 0.000000 0.000000 0.000000 1.000000
0.998330 -0.029934 -0.049416 -0.000000 0.026114 0.996750 -0.076213 13.301700 0.051537 0.074795 0.995866 -0.000000 0.000000 0.000000 0.000000 1.000000
0.998346 -0.045549 -0.035070 0.000000 0.043021 0.996636 -0.069754 13.301700 0.038129 0.068130 0.996948 -0.000000 0.000000 0.000000 0.000000 1.000000
0.998157 -0.058554 -0.015943 -0.000000 0.057417 0.996279 -0.064277 13.301700 0.019647 0.063243 0.997805 0.000000 0.000000 0.000000 0.000000 1.000000
0.997879 -0.064846 0.005624 0.000000 0.065070 0.995966 -0.061793 13.301700 -0.001594 0.062028 0.998073 0.000000 0.000000 0.000000 0.000000 1.000000
0.997620 -0.063750 0.026291 -0.000000 0.065292 0.995893 -0.062715 13.301700 -0.022185 0.064283 0.997685 0.000000 0.000000 0.000000 0.000000 1.000000
0.997456 -0.056841 0.043028 0.000000 0.059580 0.996085 -0.065305 13.301700 -0.039148 0.067703 0.996937 0.000000 0.000000 0.000000 0.000000 1.000000
0.997369 -0.047186 0.055027 0.000000 0.050865 0.996421 -0.067508 13.301700 -0.051644 0.070130 0.996200 0.000000 0.000000 0.000000 0.000000 1.000000
0.997287 -0.038079 0.063001 0.000000 0.042413 0.996718 -0.068946 13.301700 -0.060168 0.071431 0.995629 -0.000000 0.000000 0.000000 0.000000 1.000000
0.997267 -0.031020 0.067058 0.000000 0.035722 0.996900 -0.070100 13.301700 -0.064676 0.072304 0.995283 -0.000000 0.000000 0.000000 0.000000 1.000000
0.997476 -0.025711 0.066192 0.000000 0.030404 0.997020 -0.070898 13.301700 -0.064172 0.072732 0.995285 0.000000 0.000000 0.000000 0.000000 1.000000
0.997983 -0.021503 0.059726 0.000000 0.025739 0.997139 -0.071078 13.301700 -0.058027 0.072471 0.995681 0.000000 0.000000 0.000000 0.000000 1.000000
0.998644 -0.017884 0.048885 0.000000 0.021336 0.997246 -0.071026 13.301700 -0.047480 0.071973 0.996276 0.000000 0.000000 0.000000 0.000000 1.000000
0.999220 -0.014221 0.036848 -0.000000 0.016819 0.997323 -0.071166 13.301700 -0.035738 0.071730 0.996784 0.000000 0.000000 0.000000 0.000000 1.000000
0.999594 -0.009897 0.026716 0.000000 0.011774 0.997403 -0.071053 13.301700 -0.025943 0.071339 0.997115 0.000000 0.000000 0.000000 0.000000 1.000000
0.999800 -0.004911 0.019408 0.000000 0.006252 0.997553 -0.069638 13.301700 -0.019019 0.069745 0.997384 0.000000 0.000000 0.000000 0.000000 1.000000
0.999884 -0.003691 0.014805 0.000000 0.004679 0.997722 -0.067303 13.301700 -0.014523 0.067364 0.997623 0.000000 0.000000 0.000000 0.000000 1.000000
0.999922 -0.004656 0.011599 0.000000 0.005407 0.997837 -0.065510 13.301700 -0.011269 0.065568 0.997784 0.000000 0.000000 0.000000 0.000000 1.000000
0.999933 -0.007188 0.009018 0.000000 0.007762 0.997837 -0.065281 13.301700 -0.008530 0.065347 0.997826 0.000000 0.000000 0.000000 0.000000 1.000000
0.999936 -0.008952 0.006935 0.000000 0.009387 0.997810 -0.065477 13.301700 -0.006333 0.065538 0.997830 0.000000 0.000000 0.000000 0.000000 1.000000
0.999943 -0.009375 0.005170 -0.000000 0.009691 0.997835 -0.065056 13.301700 -0.004549 0.065102 0.997868 0.000000 0.000000 0.000000 0.000000 1.000000
0.999963 -0.007873 0.003552 0.000000 0.008083 0.997939 -0.063659 13.301700 -0.003043 0.063685 0.997965 0.000000 0.000000 0.000000 0.000000 1.000000
0.999988 -0.004316 0.002212 -0.000000 0.004447 0.998005 -0.062985 13.301700 -0.001936 0.062994 0.998012 0.000000 0.000000 0.000000 0.000000 1.000000
0.999989 -0.004505 0.000885 -0.000000 0.004551 0.998041 -0.062396 13.301700 -0.000602 0.062399 0.998051 0.000000 0.000000 0.000000 0.000000 1.000000</float_array>
        <technique_common>
          <accessor source="#mixamorig4_Spine2-Matrix-animation-output-transform-array" count="31" stride="16">
            <param type="float4x4"/>
          </accessor>
        </technique_common>
      </source>
      <source id="mixamorig4_Spine2-Interpolations">
        <Name_array id="mixamorig4_Spine2-Interpolations-array" count="31">
 LINEAR LINEAR LINEAR LINEAR LINEAR LINEAR LINEAR LINEAR LINEAR LINEAR LINEAR
LINEAR LINEAR LINEAR LINEAR LINEAR LINEAR LINEAR LINEAR LINEAR LINEAR LINEAR LINEAR
LINEAR LINEAR LINEAR LINEAR LINEAR LINEAR LINEAR LINEAR</Name_array>
        <technique_common>
          <accessor source="#mixamorig4_Spine2-Interpolations-array" count="31">
            <param type="name"/>
          </accessor>
        </technique_common>
      </source>
      <sampler id="mixamorig4_Spine2-Matrix-animation-transform">
        <input semantic="INPUT" source="#mixamorig4_Spine2-Matrix-animation-input"/>
        <input semantic="OUTPUT" source="#mixamorig4_Spine2-Matrix-animation-output-transform"/>
        <input semantic="INTERPOLATION" source="#mixamorig4_Spine2-Interpolations"/>
      </sampler>
      <channel source="#mixamorig4_Spine2-Matrix-animation-transform" target="mixamorig4_Spine2/matrix"/>
    </animation>
    <animation id="mixamorig4_Neck-anim" name="mixamorig4_Neck">
      <source id="mixamorig4_Neck-Matrix-animation-input">
        <float_array id="mixamorig4_Neck-Matrix-animation-input-array" count="31">

0.000000 0.033333 0.066667 0.100000 0.133333 0.166667 0.200000 0.233333 0.266667 0.300000 0.333333 0.366667 0.400000 0.433333 0.466667 0.500000
0.533333 0.566667 0.600000 0.633333 0.666667 0.700000 0.733333 0.766667 0.800000 0.833333 0.866667 0.900000 0.933333 0.966667 1.000000</float_array>
        <technique_common>
          <accessor source="#mixamorig4_Neck-Matrix-animation-input-array" count="31">
            <param name="TIME" type="float"/>
          </accessor>
        </technique_common>
      </source>
      <source id="mixamorig4_Neck-Matrix-animation-output-transform">
        <float_array id="mixamorig4_Neck-Matrix-animation-output-transform-array" count="496">

0.990627 0.115783 0.072475 0.000000 -0.091015 0.955134 -0.281842 14.964400 -0.101856 0.272604 0.956720 0.000000 0.000000 0.000000 0.000000 1.000000
0.989432 0.121310 0.079430 0.000000 -0.095065 0.956335 -0.276380 14.964400 -0.109489 0.265908 0.957761 0.000000 0.000000 0.000000 0.000000 1.000000
0.988213 0.126910 0.085607 0.000000 -0.099990 0.958554 -0.266788 14.964400 -0.115917 0.255084 0.959946 0.000000 0.000000 0.000000 0.000000 1.000000
0.987361 0.130768 0.089545 0.000000 -0.103981 0.960882 -0.256696 14.964400 -0.119610 0.244141 0.962335 -0.000000 0.000000 0.000000 0.000000 1.000000
0.987544 0.130132 0.088445 0.000000 -0.104490 0.962669 -0.249701 14.964400 -0.117637 0.237349 0.964275 0.000000 0.000000 0.000000 0.000000 1.000000
0.989328 0.122051 0.079587 -0.000000 -0.098941 0.963702 -0.247971 14.964400 -0.106963 0.237450 0.965493 0.000000 0.000000 0.000000 0.000000 1.000000
0.992470 0.106155 0.061109 -0.000000 -0.087566 0.963752 -0.252020 14.964400 -0.085647 0.244771 0.965791 -0.000000 0.000000 0.000000 0.000000 1.000000
0.995653 0.086988 0.033286 0.000000 -0.075463 0.962891 -0.259126 14.964400 -0.054591 0.255488 0.965270 0.000000 0.000000 0.000000 0.000000 1.000000
0.997467 0.071132 -0.000270 0.000000 -0.068670 0.961934 -0.264513 14.964400 -0.018556 0.263861 0.964382 -0.000000 0.000000 0.000000 0.000000 1.000000
0.997546 0.062056 -0.032418 0.000000 -0.068472 0.961330 -0.266751 14.964400 0.014611 0.268316 0.963220 -0.000000 0.000000 0.000000 0.000000 1.000000
0.996697 0.059521 -0.055246 0.000000 -0.072299 0.960176 -0.269879 14.964400 0.036982 0.272982 0.961308 0.000000 0.000000 0.000000 0.000000 1.000000
0.995952 0.061928 -0.065146 -0.000000 -0.077728 0.957363 -0.278236 14.964400 0.045138 0.282174 0.958301 0.000000 0.000000 0.000000 0.000000 1.000000
0.995675 0.067094 -0.064264 0.000000 -0.082990 0.953247 -0.290572 14.964400 0.041764 0.294649 0.954693 0.000000 0.000000 0.000000 0.000000 1.000000
0.995734 0.072759 -0.056749 0.000000 -0.086560 0.949586 -0.301322 14.964400 0.031964 0.304948 0.951832 0.000000 0.000000 0.000000 0.000000 1.000000
0.995878 0.077619 -0.046928 -0.000000 -0.088311 0.947774 -0.306473 14.964400 0.020689 0.309354 0.950722 -0.000000 0.000000 0.000000 0.000000 1.000000
0.995993 0.080564 -0.038813 0.000000 -0.088602 0.947813 -0.306269 14.964400 0.012113 0.308481 0.951153 0.000000 0.000000 0.000000 0.000000 1.000000
0.996203 0.080224 -0.033817 0.000000 -0.086717 0.948836 -0.303630 14.964400 0.007728 0.305410 0.952190 -0.000000 0.000000 0.000000 0.000000 1.000000
0.996580 0.076778 -0.030553 -0.000000 -0.082425 0.949875 -0.301567 14.964400 0.005868 0.303054 0.952955 0.000000 0.000000 0.000000 0.000000 1.000000
0.996947 0.073239 -0.027081 0.000000 -0.077998 0.950472 -0.300863 14.964400 0.003705 0.302057 0.953283 0.000000 0.000000 0.000000 0.000000 1.000000
0.997095 0.072883 -0.022145 0.000000 -0.076169 0.950852 -0.300131 14.964400 -0.000818 0.300945 0.953641 -0.000000 0.000000 0.000000 0.000000 1.000000
0.997024 0.075586 -0.015134 -0.000000 -0.076653 0.951363 -0.298382 14.964400 -0.008156 0.298654 0.954326 0.000000 0.000000 0.000000 0.000000 1.000000
0.996875 0.078771 -0.005991 0.000000 -0.077003 0.951956 -0.296394 14.964400 -0.017645 0.295929 0.955047 -0.000000 0.000000 0.000000 0.000000 1.000000
0.996692 0.081136 0.004795 -0.000000 -0.076104 0.952333 -0.295415 14.964400 -0.028535 0.294072 0.955357 0.000000 0.000000 0.000000 0.000000 1.000000
0.996340 0.084126 0.015122 0.000000 -0.075958 0.952579 -0.294659 14.964400 -0.039194 0.292432 0.955483 -0.000000 0.000000 0.000000 0.000000 1.000000
0.995829 0.087943 0.024295 0.000000 -0.076994 0.952896 -0.293362 14.964400 -0.048950 0.290268 0.955693 -0.000000 0.000000 0.000000 0.000000 1.000000
0.995201 0.092137 0.032935 0.000000 -0.078593 0.953230 -0.291849 14.964400 -0.058285 0.287860 0.955897 0.000000 0.000000 0.000000 0.000000 1.000000
0.994471 0.096599 0.041192 -0.000000 -0.080605 0.953565 -0.290203 14.964400 -0.067313 0.285278 0.956078 0.000000 0.000000 0.000000 0.000000 1.000000
0.993646 0.101219 0.049217 0.000000 -0.082879 0.953886 -0.288500 14.964400 -0.076149 0.282588 0.956214 -0.000000 0.000000 0.000000 0.000000 1.000000
0.992734 0.105887 0.057159 0.000000 -0.085261 0.954183 -0.286818 14.964400 -0.084911 0.279861 0.956278 -0.000000 0.000000 0.000000 0.000000 1.000000
0.991734 0.110559 0.065118 -0.000000 -0.087667 0.954424 -0.285287 14.964400 -0.093692 0.277220 0.956227 -0.000000 0.000000 0.000000 0.000000 1.000000
0.990627 0.115783 0.072475 -0.000000 -0.091015 0.955134 -0.281842 14.964400 -0.101856 0.272604 0.956720 -0.000000 0.000000 0.000000 0.000000 1.000000</float_array>
        <technique_common>
          <accessor source="#mixamorig4_Neck-Matrix-animation-output-transform-array" count="31" stride="16">
            <param type="float4x4"/>
          </accessor>
        </technique_common>
      </source>
      <source id="mixamorig4_Neck-Interpolations">
        <Name_array id="mixamorig4_Neck-Interpolations-array" count="31">
 LINEAR LINEAR LINEAR LINEAR LINEAR LINEAR LINEAR LINEAR LINEAR LINEAR LINEAR
LINEAR LINEAR LINEAR LINEAR LINEAR LINEAR LINEAR LINEAR LINEAR LINEAR LINEAR LINEAR
LINEAR LINEAR LINEAR LINEAR LINEAR LINEAR LINEAR LINEAR</Name_array>
        <technique_common>
          <accessor source="#mixamorig4_Neck-Interpolations-array" count="31">
            <param type="name"/>
          </accessor>
        </technique_common>
      </source>
      <sampler id="mixamorig4_Neck-Matrix-animation-transform">
        <input semantic="INPUT" source="#mixamorig4_Neck-Matrix-animation-input"/>
        <input semantic="OUTPUT" source="#mixamorig4_Neck-Matrix-animation-output-transform"/>
        <input semantic="INTERPOLATION" source="#mixamorig4_Neck-Interpolations"/>
      </sampler>
      <channel source="#mixamorig4_Neck-Matrix-animation-transform" target="mixamorig4_Neck/matrix"/>
    </animation>
    <animation id="mixamorig4_Head-anim" name="mixamorig4_Head">
      <source id="mixamorig4_Head-Matrix-animation-input">
        <float_array id="mixamorig4_Head-Matrix-animation-input-array" count="31">

0.000000 0.033333 0.066667 0.100000 0.133333 0.166667 0.200000 0.233333 0.266667 0.300000 0.333333 0.366667 0.400000 0.433333 0.466667 0.500000
0.533333 0.566667 0.600000 0.633333 0.666667 0.700000 0.733333 0.766667 0.800000 0.833333 0.866667 0.900000 0.933333 0.966667 1.000000</float_array>
        <technique_common>
          <accessor source="#mixamorig4_Head-Matrix-animation-input-array" count="31">
            <param name="TIME" type="float"/>
          </accessor>
        </technique_common>
      </source>
      <source id="mixamorig4_Head-Matrix-animation-output-transform">
        <float_array id="mixamorig4_Head-Matrix-animation-output-transform-array" count="496">

0.990627 0.115783 0.072475 0.000000 -0.100607 0.977345 -0.186214 7.468700 -0.092394 0.177177 0.979833 2.577500 0.000000 0.000000 0.000000 1.000000
0.989432 0.121310 0.079430 0.000000 -0.105389 0.977880 -0.180676 7.468700 -0.099591 0.170396 0.980330 2.577500 0.000000 0.000000 0.000000 1.000000
0.988213 0.126911 0.085607 0.000000 -0.110924 0.979022 -0.170916 7.468700 -0.105502 0.159405 0.981560 2.577500 0.000000 0.000000 0.000000 1.000000
0.987361 0.130768 0.089545 0.000000 -0.115260 0.980260 -0.160638 7.468700 -0.108784 0.148287 0.982943 2.577500 0.000000 0.000000 0.000000 1.000000
0.987544 0.130131 0.088445 0.000000 -0.115572 0.981369 -0.153484 7.468700 -0.106770 0.141351 0.984185 2.577500 0.000000 0.000000 0.000000 1.000000
0.989328 0.122051 0.079587 0.000000 -0.108998 0.982407 -0.151642 7.468700 -0.096695 0.141349 0.985226 2.577500 0.000000 0.000000 0.000000 1.000000
0.992470 0.106155 0.061109 0.000000 -0.095578 0.983179 -0.155643 7.468700 -0.076603 0.148631 0.985921 2.577500 0.000000 0.000000 0.000000 1.000000
0.995653 0.086988 0.033286 0.000000 -0.080474 0.983377 -0.162766 7.468700 -0.046891 0.159379 0.986103 2.577500 0.000000 0.000000 0.000000 1.000000
0.997467 0.071133 -0.000270 -0.000000 -0.070164 0.983250 -0.168215 7.468700 -0.011700 0.167808 0.985750 2.577500 0.000000 0.000000 0.000000 1.000000
0.997546 0.062056 -0.032418 -0.000000 -0.066700 0.983088 -0.170557 7.468700 0.021286 0.172301 0.984814 2.577500 0.000000 0.000000 0.000000 1.000000
0.996697 0.059521 -0.055246 -0.000000 -0.068304 0.982399 -0.173858 7.468700 0.043925 0.177057 0.983220 2.577500 0.000000 0.000000 0.000000 1.000000
0.995952 0.061928 -0.065147 0.000000 -0.072903 0.980505 -0.182469 7.468700 0.052577 0.186480 0.981051 2.577500 0.000000 0.000000 0.000000 1.000000
0.995675 0.067095 -0.064264 -0.000000 -0.078472 0.977639 -0.195102 7.468700 0.049736 0.199301 0.978675 2.577500 0.000000 0.000000 0.000000 1.000000
0.995734 0.072759 -0.056749 -0.000000 -0.082990 0.975009 -0.206082 7.468700 0.040337 0.209912 0.976888 2.577500 0.000000 0.000000 0.000000 1.000000
0.995878 0.077619 -0.046928 0.000000 -0.085844 0.973641 -0.211316 7.468700 0.029289 0.214473 0.976291 2.577500 0.000000 0.000000 0.000000 1.000000
0.995993 0.080564 -0.038813 0.000000 -0.086978 0.973593 -0.211071 7.468700 0.020783 0.213601 0.976700 2.577500 0.000000 0.000000 0.000000 1.000000
0.996203 0.080225 -0.033817 0.000000 -0.085534 0.974309 -0.208343 7.468700 0.016234 0.210444 0.977471 2.577500 0.000000 0.000000 0.000000 1.000000
0.996580 0.076778 -0.030553 0.000000 -0.081446 0.975111 -0.206214 7.468700 0.013960 0.207997 0.978030 2.577500 0.000000 0.000000 0.000000 1.000000
0.996947 0.073239 -0.027081 -0.000000 -0.077253 0.975607 -0.205482 7.468700 0.011371 0.206946 0.978286 2.577500 0.000000 0.000000 0.000000 1.000000
0.997095 0.072883 -0.022146 0.000000 -0.075879 0.975876 -0.204717 7.468700 0.006691 0.205802 0.978571 2.577500 0.000000 0.000000 0.000000 1.000000
0.997024 0.075586 -0.015134 -0.000000 -0.077084 0.976159 -0.202909 7.468700 -0.000564 0.203472 0.979081 2.577500 0.000000 0.000000 0.000000 1.000000
0.996875 0.078772 -0.005991 -0.000000 -0.078367 0.976480 -0.200860 7.468700 -0.009972 0.200702 0.979602 2.577500 0.000000 0.000000 0.000000 1.000000
0.996692 0.081135 0.004795 0.000000 -0.078544 0.976672 -0.199854 7.468700 -0.020898 0.198817 0.979814 2.577500 0.000000 0.000000 0.000000 1.000000
0.996340 0.084126 0.015122 0.000000 -0.079450 0.976755 -0.199091 7.468700 -0.031520 0.197161 0.979864 2.577500 0.000000 0.000000 0.000000 1.000000
0.995829 0.087943 0.024295 0.000000 -0.081442 0.976858 -0.197779 7.468700 -0.041126 0.194975 0.979946 2.577500 0.000000 0.000000 0.000000 1.000000
0.995201 0.092137 0.032935 0.000000 -0.083953 0.976953 -0.196254 7.468700 -0.050258 0.192547 0.980000 2.577500 0.000000 0.000000 0.000000 1.000000
0.994471 0.096599 0.041192 0.000000 -0.086845 0.977031 -0.194599 7.468700 -0.059044 0.189945 0.980018 2.577500 0.000000 0.000000 0.000000 1.000000
0.993646 0.101219 0.049217 0.000000 -0.089978 0.977086 -0.192892 7.468700 -0.067613 0.187238 0.979985 2.577500 0.000000 0.000000 0.000000 1.000000
0.992734 0.105887 0.057159 -0.000000 -0.093211 0.977113 -0.191210 7.468700 -0.076097 0.184492 0.979884 2.577500 0.000000 0.000000 0.000000 1.000000
0.991734 0.110559 0.065118 -0.000000 -0.096471 0.977093 -0.189692 7.468700 -0.084599 0.181842 0.979682 2.577500 0.000000 0.000000 0.000000 1.000000
0.990627 0.115783 0.072475 0.000000 -0.100607 0.977345 -0.186212 7.468700 -0.092394 0.177175 0.979833 2.577500 0.000000 0.000000 0.000000 1.000000</float_array>
        <technique_common>
