<?xml version="1.0" encoding="utf-8"?>
<COLLADA xmlns="http://www.collada.org/2005/11/COLLADASchema" version="1.4.1">
  <asset>
    <contributor>
      <author>Mixamo</author>
      <authoring_tool>COLLADA Mixamo exporter</authoring_tool>
      <comments/>
    </contributor>
    <created>2025-11-13T15:18:27Z</created>
    <modified>2025-11-13T15:18:27Z</modified>
    <revision/>
    <title/>
    <unit meter="0.010000"/>
    <up_axis>Y_UP</up_axis>
  </asset>
  <library_animations>
    <animation id="mixamorig4_Hips-anim" name="mixamorig4_Hips">
      <source id="mixamorig4_Hips-Matrix-animation-input">
        <float_array id="mixamorig4_Hips-Matrix-animation-input-array" count="31">

0.000000 0.033333 0.066667 0.100000 0.133333 0.166667 0.200000 0.233333 0.266667 0.300000 0.333333 0.366667 0.400000 0.433333 0.466667 0.500000
0.533333 0.566667 0.600000 0.633333 0.666667 0.700000 0.733333 0.766667 0.800000 0.833333 0.866667 0.900000 0.933333 0.966667 1.000000</float_array>
        <technique_common>
          <accessor source="#mixamorig4_Hips-Matrix-animation-input-array" count="31">
            <param name="TIME" type="float"/>
          </accessor>
        </technique_common>
      </source>
      <source id="mixamorig4_Hips-Matrix-animation-output-transform">
        <float_array id="mixamorig4_Hips-Matrix-animation-output-transform-array" count="496">

0.994337 -0.034155 0.100637 -0.087582 0.024792 0.995370 0.092861 97.346642 -0.103343 -0.089841 0.990580 -0.106348 0.000000 0.000000 0.000000 1.000000
0.999489 -0.025187 0.019687 0.926376 0.023319 0.995672 0.089959 97.465218 -0.021868 -0.089454 0.995751 0.098178 0.000000 0.000000 0.000000 1.000000
0.998444 -0.013470 -0.054106 1.831177 0.017770 0.996653 0.079799 97.536072 0.052850 -0.080637 0.995341 0.178810 0.000000 0.000000 0.000000 1.000000
0.993917 -0.005798 -0.109978 2.638449 0.013498 0.997498 0.069394 97.541092 0.109300 -0.070456 0.991509 0.130925 0.000000 0.000000 0.000000 1.000000
0.988153 -0.003031 -0.153439 3.378050 0.013380 0.997700 0.066458 97.550407 0.152885 -0.067723 0.985921 0.039375 0.000000 0.000000 0.000000 1.000000
0.979724 0.001206 -0.200351 3.993465 0.012828 0.997552 0.068735 97.617043 0.199943 -0.069912 0.977310 -0.064869 0.000000 0.000000 0.000000 1.000000
0.966916 0.006645 -0.255009 4.439468 0.011214 0.997587 0.068513 97.688873 0.254849 -0.069106 0.964508 -0.153467 0.000000 0.000000 0.000000 1.000000
0.949794 0.008288 -0.312765 4.727869 0.012659 0.997813 0.064883 97.751656 0.312619 -0.065584 0.947612 -0.181250 0.000000 0.000000 0.000000 1.000000
0.931140 0.007925 -0.364575 4.862745 0.015924 0.997926 0.062364 97.821640 0.364314 -0.063875 0.929083 -0.155931 0.000000 0.000000 0.000000 1.000000
0.914300 0.009784 -0.404920 4.830594 0.016787 0.997934 0.062018 97.877876 0.404690 -0.063500 0.912246 -0.114729 0.000000 0.000000 0.000000 1.000000
0.899069 0.011696 -0.437650 4.615223 0.016864 0.997976 0.061315 97.957153 0.437481 -0.062507 0.897052 -0.092957 0.000000 0.000000 0.000000 1.000000
0.883436 0.012134 -0.468394 4.199123 0.018025 0.998045 0.059852 98.008949 0.468204 -0.061318 0.881490 -0.102003 0.000000 0.000000 0.000000 1.000000
0.866041 0.011776 -0.499834 3.569587 0.019586 0.998156 0.057453 98.006813 0.499589 -0.059547 0.864214 -0.166464 0.000000 0.000000 0.000000 1.000000
0.845639 0.011314 -0.533635 2.768418 0.020772 0.998320 0.054083 97.988525 0.533350 -0.056819 0.843984 -0.346227 0.000000 0.000000 0.000000 1.000000
0.820535 0.013185 -0.571445 1.832417 0.021520 0.998313 0.053934 97.958794 0.571192 -0.056553 0.818866 -0.678032 0.000000 0.000000 0.000000 1.000000
0.791612 0.022462 -0.610611 0.799955 0.018237 0.998010 0.060356 97.810562 0.610751 -0.058914 0.789628 -1.114594 0.000000 0.000000 0.000000 1.000000
0.764490 0.035302 -0.643669 -0.249883 0.010934 0.997646 0.067702 97.560669 0.644543 -0.058795 0.762304 -1.597982 0.000000 0.000000 0.000000 1.000000
0.739488 0.041872 -0.671867 -1.184953 0.008667 0.997389 0.071699 97.235718 0.673114 -0.058843 0.737194 -2.035975 0.000000 0.000000 0.000000 1.000000
0.710331 0.047412 -0.702269 -1.982536 0.008272 0.997098 0.075683 96.861687 0.703819 -0.059569 0.707877 -2.332878 0.000000 0.000000 0.000000 1.000000
0.672700 0.057616 -0.737669 -2.741481 0.004363 0.996637 0.081821 96.552505 0.739903 -0.058259 0.670186 -2.460592 0.000000 0.000000 0.000000 1.000000
0.625617 0.068100 -0.777153 -3.510111 0.003169 0.995953 0.089825 96.401848 0.780124 -0.058659 0.622869 -2.454119 0.000000 0.000000 0.000000 1.000000
0.573311 0.075202 -0.815879 -4.250723 0.005558 0.995399 0.095654 96.378860 0.819319 -0.059374 0.570256 -2.337721 0.000000 0.000000 0.000000 1.000000
0.518783 0.079052 -0.851243 -4.976813 0.008486 0.995190 0.097592 96.446396 0.854864 -0.057853 0.515617 -2.120539 0.000000 0.000000 0.000000 1.000000
0.459065 0.083055 -0.884512 -5.736625 0.012494 0.994918 0.099906 96.563080 0.888315 -0.056915 0.455695 -1.811009 0.000000 0.000000 0.000000 1.000000
0.394346 0.089023 -0.914640 -6.550453 0.016359 0.994459 0.103845 96.686478 0.918816 -0.055914 0.390704 -1.405715 0.000000 0.000000 0.000000 1.000000
0.329139 0.094054 -0.939586 -7.381157 0.019078 0.994162 0.106200 96.830101 0.944089 -0.052880 0.325423 -0.916160 0.000000 0.000000 0.000000 1.000000
0.265146 0.098104 -0.959205 -8.209602 0.022485 0.993911 0.107869 96.965790 0.963946 -0.050169 0.261325 -0.327793 0.000000 0.000000 0.000000 1.000000
0.202724 0.103575 -0.973743 -9.073147 0.024831 0.993527 0.110848 97.071983 0.978921 -0.046650 0.198840 0.328632 0.000000 0.000000 0.000000 1.000000
0.139310 0.106683 -0.984485 -9.992767 0.023856 0.993530 0.111039 97.136543 0.989961 -0.038955 0.135863 0.997001 0.000000 0.000000 0.000000 1.000000
0.071392 0.103237 -0.992091 -10.889990 0.022771 0.994201 0.105095 97.213074 0.997188 -0.030093 0.068627 1.679121 0.000000 0.000000 0.000000 1.000000
0.006654 0.092724 -0.995670 -11.628282 0.024792 0.995370 0.092862 97.346649 0.999671 -0.025302 0.004324 2.347201 0.000000 0.000000 0.000000 1.000000</float_array>
        <technique_common>
          <accessor source="#mixamorig4_Hips-Matrix-animation-output-transform-array" count="31" stride="16">
            <param type="float4x4"/>
          </accessor>
        </technique_common>
      </source>
      <source id="mixamorig4_Hips-Interpolations">
        <Name_array id="mixamorig4_Hips-Interpolations-array" count="31">
 LINEAR LINEAR LINEAR LINEAR LINEAR LINEAR LINEAR LINEAR LINEAR LINEAR LINEAR
LINEAR LINEAR LINEAR LINEAR LINEAR LINEAR LINEAR LINEAR LINEAR LINEAR LINEAR LINEAR
LINEAR LINEAR LINEAR LINEAR LINEAR LINEAR LINEAR LINEAR</Name_array>
        <technique_common>
          <accessor source="#mixamorig4_Hips-Interpolations-array" count="31">
            <param type="name"/>
          </accessor>
        </technique_common>
      </source>
      <sampler id="mixamorig4_Hips-Matrix-animation-transform">
        <input semantic="INPUT" source="#mixamorig4_Hips-Matrix-animation-input"/>
        <input semantic="OUTPUT" source="#mixamorig4_Hips-Matrix-animation-output-transform"/>
        <input semantic="INTERPOLATION" source="#mixamorig4_Hips-Interpolations"/>
      </sampler>
      <channel source="#mixamorig4_Hips-Matrix-animation-transform" target="mixamorig4_Hips/matrix"/>
    </animation>
    <animation id="mixamorig4_Spine-anim" name="mixamorig4_Spine">
      <source id="mixamorig4_Spine-Matrix-animation-input">
        <float_array id="mixamorig4_Spine-Matrix-animation-input-array" count="31">

0.000000 0.033333 0.066667 0.100000 0.133333 0.166667 0.200000 0.233333 0.266667 0.300000 0.333333 0.366667 0.400000 0.433333 0.466667 0.500000
0.533333 0.566667 0.600000 0.633333 0.666667 0.700000 0.733333 0.766667 0.800000 0.833333 0.866667 0.900000 0.933333 0.966667 1.000000</float_array>
        <technique_common>
          <accessor source="#mixamorig4_Spine-Matrix-animation-input-array" count="31">
            <param name="TIME" type="float"/>
          </accessor>
        </technique_common>
      </source>
      <source id="mixamorig4_Spine-Matrix-animation-output-transform">
        <float_array id="mixamorig4_Spine-Matrix-animation-output-transform-array" count="496">

0.999707 0.007291 -0.023080 0.000000 -0.007756 0.999768 -0.020105 9.927700 0.022928 0.020278 0.999531 -0.982900 0.000000 0.000000 0.000000 1.000000
0.999611 0.006247 -0.027196 0.000000 -0.006720 0.999827 -0.017325 9.927700 0.027083 0.017501 0.999480 -0.982900 0.000000 0.000000 0.000000 1.000000
0.999273 0.003623 -0.037950 0.000000 -0.004047 0.999930 -0.011090 9.927700 0.037908 0.011236 0.999218 -0.982900 0.000000 0.000000 0.000000 1.000000
0.998469 0.002242 -0.055274 0.000000 -0.002688 0.999964 -0.008003 9.927700 0.055254 0.008139 0.998439 -0.982900 0.000000 0.000000 0.000000 1.000000
0.997461 0.001358 -0.071195 -0.000000 -0.002189 0.999930 -0.011600 9.927700 0.071174 0.011726 0.997395 -0.982900 0.000000 0.000000 0.000000 1.000000
0.996920 -0.001999 -0.078394 0.000000 0.000603 0.999841 -0.017826 9.927700 0.078417 0.017724 0.996763 -0.982900 0.000000 0.000000 0.000000 1.000000
0.996969 -0.005264 -0.077622 0.000000 0.003805 0.999813 -0.018934 9.927700 0.077708 0.018581 0.996803 -0.982900 0.000000 0.000000 0.000000 1.000000
0.997461 -0.004807 -0.071048 0.000000 0.003753 0.999881 -0.014957 9.927700 0.071111 0.014652 0.997361 -0.982900 0.000000 0.000000 0.000000 1.000000
0.997977 -0.003564 -0.063473 0.000000 0.002861 0.999934 -0.011157 9.927700 0.063508 0.010953 0.997921 -0.982900 0.000000 0.000000 0.000000 1.000000
0.998038 -0.004817 -0.062432 0.000000 0.004258 0.999950 -0.009097 9.927700 0.062473 0.008813 0.998008 -0.982900 0.000000 0.000000 0.000000 1.000000
0.997957 -0.005680 -0.063633 0.000000 0.005295 0.999967 -0.006212 9.927700 0.063666 0.005863 0.997954 -0.982900 0.000000 0.000000 0.000000 1.000000
0.997862 -0.004279 -0.065218 0.000000 0.004123 0.999988 -0.002522 9.927700 0.065228 0.002248 0.997868 -0.982900 0.000000 0.000000 0.000000 1.000000
0.997893 -0.000505 -0.064883 0.000000 0.000663 0.999997 0.002403 9.927700 0.064881 -0.002440 0.997890 -0.982900 0.000000 0.000000 0.000000 1.000000
0.998168 0.004416 -0.060343 -0.000000 -0.003937 0.999960 0.008053 9.927700 0.060376 -0.007800 0.998145 -0.982900 0.000000 0.000000 0.000000 1.000000
0.998559 0.009336 -0.052851 -0.000000 -0.008862 0.999918 0.009192 9.927700 0.052932 -0.008711 0.998560 -0.982900 0.000000 0.000000 0.000000 1.000000
0.998868 0.010219 -0.046463 0.000000 -0.010036 0.999941 0.004169 9.927700 0.046503 -0.003698 0.998911 -0.982900 0.000000 0.000000 0.000000 1.000000
0.998835 0.007893 -0.047615 0.000000 -0.007952 0.999968 -0.001038 9.927700 0.047605 0.001415 0.998865 -0.982900 0.000000 0.000000 0.000000 1.000000
0.998612 0.009843 -0.051741 -0.000000 -0.010084 0.999939 -0.004399 9.927700 0.051695 0.004914 0.998651 -0.982900 0.000000 0.000000 0.000000 1.000000
0.998514 0.010733 -0.053432 0.000000 -0.011184 0.999904 -0.008143 9.927700 0.053339 0.008729 0.998538 -0.982900 0.000000 0.000000 0.000000 1.000000
0.998524 0.005902 -0.053999 0.000000 -0.006565 0.999905 -0.012092 9.927700 0.053923 0.012429 0.998468 -0.982900 0.000000 0.000000 0.000000 1.000000
0.998687 0.002986 -0.051150 0.000000 -0.003853 0.999850 -0.016872 9.927700 0.051092 0.017046 0.998548 -0.982900 0.000000 0.000000 0.000000 1.000000
0.998982 0.003281 -0.045000 0.000000 -0.004220 0.999775 -0.020791 9.927700 0.044922 0.020960 0.998771 -0.982900 0.000000 0.000000 0.000000 1.000000
0.999284 0.003921 -0.037629 0.000000 -0.004756 0.999744 -0.022115 9.927700 0.037533 0.022278 0.999047 -0.982900 0.000000 0.000000 0.000000 1.000000
0.999559 0.005718 -0.029127 0.000000 -0.006425 0.999686 -0.024233 9.927700 0.028980 0.024409 0.999282 -0.982900 0.000000 0.000000 0.000000 1.000000
0.999764 0.007402 -0.020440 -0.000000 -0.007968 0.999583 -0.027754 9.927700 0.020226 0.027910 0.999406 -0.982900 0.000000 0.000000 0.000000 1.000000
0.999874 0.007966 -0.013749 0.000000 -0.008371 0.999526 -0.029634 9.927700 0.013507 0.029745 0.999466 -0.982900 0.000000 0.000000 0.000000 1.000000
0.999917 0.008376 -0.009773 -0.000000 -0.008674 0.999487 -0.030815 9.927700 0.009510 0.030897 0.999477 -0.982900 0.000000 0.000000 0.000000 1.000000
0.999928 0.007614 -0.009271 -0.000000 -0.007919 0.999414 -0.033306 9.927700 0.009012 0.033377 0.999402 -0.982900 0.000000 0.000000 0.000000 1.000000
0.999931 0.005489 -0.010355 0.000000 -0.005829 0.999435 -0.033093 9.927700 0.010167 0.033151 0.999399 -0.982900 0.000000 0.000000 0.000000 1.000000
0.999899 0.004490 -0.013507 0.000000 -0.004864 0.999602 -0.027773 9.927700 0.013377 0.027836 0.999523 -0.982900 0.000000 0.000000 0.000000 1.000000
0.999707 0.007291 -0.023079 0.000000 -0.007756 0.999768 -0.020105 9.927700 0.022927 0.020278 0.999531 -0.982900 0.000000 0.000000 0.000000 1.000000</float_array>
        <technique_common>
          <accessor source="#mixamorig4_Spine-Matrix-animation-output-transform-array" count="31" stride="16">
            <param type="float4x4"/>
          </accessor>
        </technique_common>
      </source>
      <source id="mixamorig4_Spine-Interpolations">
        <Name_array id="mixamorig4_Spine-Interpolations-array" count="31">
 LINEAR LINEAR LINEAR LINEAR LINEAR LINEAR LINEAR LINEAR LINEAR LINEAR LINEAR
LINEAR LINEAR LINEAR LINEAR LINEAR LINEAR LINEAR LINEAR LINEAR LINEAR LINEAR LINEAR
LINEAR LINEAR LINEAR LINEAR LINEAR LINEAR LINEAR LINEAR</Name_array>
        <technique_common>
          <accessor source="#mixamorig4_Spine-Interpolations-array" count="31">
            <param type="name"/>
          </accessor>
        </technique_common>
      </source>
      <sampler id="mixamorig4_Spine-Matrix-animation-transform">
        <input semantic="INPUT" source="#mixamorig4_Spine-Matrix-animation-input"/>
        <input semantic="OUTPUT" source="#mixamorig4_Spine-Matrix-animation-output-transform"/>
        <input semantic="INTERPOLATION" source="#mixamorig4_Spine-Interpolations"/>
      </sampler>
      <channel source="#mixamorig4_Spine-Matrix-animation-transform" target="mixamorig4_Spine/matrix"/>
    </animation>
    <animation id="mixamorig4_Spine1-anim" name="mixamorig4_Spine1">
      <source id="mixamorig4_Spine1-Matrix-animation-input">
        <float_array id="mixamorig4_Spine1-Matrix-animation-input-array" count="31">

0.000000 0.033333 0.066667 0.100000 0.133333 0.166667 0.200000 0.233333 0.266667 0.300000 0.333333 0.366667 0.400000 0.433333 0.466667 0.500000
0.533333 0.566667 0.600000 0.633333 0.666667 0.700000 0.733333 0.766667 0.800000 0.833333 0.866667 0.900000 0.933333 0.966667 1.000000</float_array>
        <technique_common>
          <accessor source="#mixamorig4_Spine1-Matrix-animation-input-array" count="31">
            <param name="TIME" type="float"/>
          </accessor>
        </technique_common>
      </source>
      <source id="mixamorig4_Spine1-Matrix-animation-output-transform">
        <float_array id="mixamorig4_Spine1-Matrix-animation-output-transform-array" count="496">

0.999978 -0.001748 -0.006391 0.000000 0.001711 0.999982 -0.005723 11.639000 0.006401 0.005712 0.999963 0.000000 0.000000 0.000000 0.000000 1.000000
0.999969 -0.002231 -0.007572 0.000000 0.002196 0.999987 -0.004630 11.639000 0.007583 0.004614 0.999961 0.000000 0.000000 0.000000 0.000000 1.000000
0.999940 -0.002754 -0.010597 0.000000 0.002731 0.999994 -0.002234 11.639000 0.010603 0.002205 0.999941 -0.000000 0.000000 0.000000 0.000000 1.000000
0.999877 -0.003015 -0.015423 0.000000 0.003002 0.999995 -0.000825 11.639000 0.015425 0.000779 0.999881 0.000000 0.000000 0.000000 0.000000 1.000000
0.999798 -0.002919 -0.019865 0.000000 0.002892 0.999995 -0.001409 11.639000 0.019869 0.001351 0.999802 0.000000 0.000000 0.000000 0.000000 1.000000
0.999754 -0.003102 -0.021953 -0.000000 0.003048 0.999992 -0.002514 11.639000 0.021960 0.002447 0.999756 0.000000 0.000000 0.000000 0.000000 1.000000
0.999754 -0.003870 -0.021862 0.000000 0.003810 0.999989 -0.002786 11.639000 0.021872 0.002702 0.999757 0.000000 0.000000 0.000000 0.000000 1.000000
0.999790 -0.004211 -0.020048 -0.000000 0.004164 0.999988 -0.002394 11.639000 0.020058 0.002310 0.999796 0.000000 0.000000 0.000000 0.000000 1.000000
0.999832 -0.004017 -0.017911 0.000000 0.003983 0.999990 -0.001894 11.639000 0.017918 0.001822 0.999838 0.000000 0.000000 0.000000 0.000000 1.000000
0.999835 -0.004189 -0.017660 -0.000000 0.004166 0.999990 -0.001320 11.639000 0.017665 0.001246 0.999843 0.000000 0.000000 0.000000 0.000000 1.000000
0.999829 -0.004203 -0.018010 0.000000 0.004190 0.999991 -0.000772 11.639000 0.018013 0.000697 0.999838 0.000000 0.000000 0.000000 0.000000 1.000000
0.999825 -0.003460 -0.018374 0.000000 0.003456 0.999994 -0.000261 11.639000 0.018374 0.000198 0.999831 0.000000 0.000000 0.000000 0.000000 1.000000
0.999831 -0.002833 -0.018167 0.000000 0.002843 0.999996 0.000530 11.639000 0.018165 -0.000582 0.999835 0.000000 0.000000 0.000000 0.000000 1.000000
0.999857 -0.002365 -0.016773 0.000000 0.002389 0.999996 0.001401 11.639000 0.016770 -0.001440 0.999858 0.000000 0.000000 0.000000 0.000000 1.000000
0.999893 -0.001620 -0.014553 -0.000000 0.001638 0.999998 0.001264 11.639000 0.014551 -0.001287 0.999893 -0.000000 0.000000 0.000000 0.000000 1.000000
0.999918 -0.001366 -0.012746 0.000000 0.001362 0.999999 -0.000288 11.639000 0.012746 0.000271 0.999919 0.000000 0.000000 0.000000 0.000000 1.000000
0.999913 -0.001546 -0.013102 0.000000 0.001521 0.999997 -0.001919 11.639000 0.013105 0.001899 0.999912 0.000000 0.000000 0.000000 0.000000 1.000000
0.999900 -0.000557 -0.014109 0.000000 0.000519 0.999996 -0.002690 11.639000 0.014110 0.002682 0.999897 0.000000 0.000000 0.000000 0.000000 1.000000
0.999895 0.000783 -0.014438 0.000000 -0.000828 0.999995 -0.003074 11.639000 0.014435 0.003085 0.999891 -0.000000 0.000000 0.000000 0.000000 1.000000
0.999892 0.000705 -0.014665 0.000000 -0.000767 0.999991 -0.004190 11.639000 0.014662 0.004201 0.999884 -0.000000 0.000000 0.000000 0.000000 1.000000
0.999902 -0.000036 -0.013973 0.000000 -0.000044 0.999983 -0.005748 11.639000 0.013973 0.005748 0.999886 0.000000 0.000000 0.000000 0.000000 1.000000
0.999924 -0.000474 -0.012308 0.000000 0.000392 0.999978 -0.006626 11.639000 0.012310 0.006620 0.999902 0.000000 0.000000 0.000000 0.000000 1.000000
0.999947 -0.000538 -0.010286 0.000000 0.000464 0.999974 -0.007190 11.639000 0.010290 0.007185 0.999921 0.000000 0.000000 0.000000 0.000000 1.000000
0.999968 -0.000674 -0.007942 0.000000 0.000612 0.999969 -0.007828 11.639000 0.007947 0.007823 0.999938 0.000000 0.000000 0.000000 0.000000 1.000000
0.999984 -0.000896 -0.005548 -0.000000 0.000849 0.999963 -0.008531 11.639000 0.005555 0.008526 0.999948 -0.000000 0.000000 0.000000 0.000000 1.000000
0.999992 -0.001097 -0.003719 0.000000 0.001063 0.999958 -0.009135 11.639000 0.003729 0.009131 0.999951 0.000000 0.000000 0.000000 0.000000 1.000000
0.999996 -0.001242 -0.002638 -0.000000 0.001217 0.999954 -0.009515 11.639000 0.002649 0.009512 0.999951 -0.000000 0.000000 0.000000 0.000000 1.000000
0.999996 -0.001311 -0.002530 -0.000000 0.001285 0.999949 -0.010015 11.639000 0.002543 0.010012 0.999947 0.000000 0.000000 0.000000 0.000000 1.000000
0.999994 -0.001667 -0.002907 0.000000 0.001638 0.999949 -0.009997 11.639000 0.002923 0.009992 0.999946 0.000000 0.000000 0.000000 0.000000 1.000000
0.999991 -0.001989 -0.003828 0.000000 0.001957 0.999963 -0.008390 11.639000 0.003845 0.008383 0.999957 0.000000 0.000000 0.000000 0.000000 1.000000
0.999978 -0.001741 -0.006390 0.000000 0.001704 0.999982 -0.005723 11.639000 0.006400 0.005712 0.999963 -0.000000 0.000000 0.000000 0.000000 1.000000</float_array>
        <technique_common>
          <accessor source="#mixamorig4_Spine1-Matrix-animation-output-transform-array" count="31" stride="16">
            <param type="float4x4"/>
          </accessor>
        </technique_common>
      </source>
      <source id="mixamorig4_Spine1-Interpolations">
        <Name_array id="mixamorig4_Spine1-Interpolations-array" count="31">
 LINEAR LINEAR LINEAR LINEAR LINEAR LINEAR LINEAR LINEAR LINEAR LINEAR LINEAR
LINEAR LINEAR LINEAR LINEAR LINEAR LINEAR LINEAR LINEAR LINEAR LINEAR LINEAR LINEAR
LINEAR LINEAR LINEAR LINEAR LINEAR LINEAR LINEAR LINEAR</Name_array>
        <technique_common>
          <accessor source="#mixamorig4_Spine1-Interpolations-array" count="31">
            <param type="name"/>
          </accessor>
        </technique_common>
      </source>
      <sampler id="mixamorig4_Spine1-Matrix-animation-transform">
        <input semantic="INPUT" source="#mixamorig4_Spine1-Matrix-animation-input"/>
        <input semantic="OUTPUT" source="#mixamorig4_Spine1-Matrix-animation-output-transform"/>
        <input semantic="INTERPOLATION" source="#mixamorig4_Spine1-Interpolations"/>
      </sampler>
      <channel source="#mixamorig4_Spine1-Matrix-animation-transform" target="mixamorig4_Spine1/matrix"/>
    </animation>
    <animation id="mixamorig4_Spine2-anim" name="mixamorig4_Spine2">
      <source id="mixamorig4_Spine2-Matrix-animation-input">
        <float_array id="mixamorig4_Spine2-Matrix-animation-input-array" count="31">

0.000000 0.033333 0.066667 0.100000 0.133333 0.166667 0.200000 0.233333 0.266667 0.300000 0.333333 0.366667 0.400000 0.433333 0.466667 0.500000
0.533333 0.566667 0.600000 0.633333 0.666667 0.700000 0.733333 0.766667 0.800000 0.833333 0.866667 0.900000 0.933333 0.966667 1.000000</float_array>
        <technique_common>
          <accessor source="#mixamorig4_Spine2-Matrix-animation-input-array" count="31">
            <param name="TIME" type="float"/>
          </accessor>
        </technique_common>
      </source>
      <source id="mixamorig4_Spine2-Matrix-animation-output-transform">
        <float_array id="mixamorig4_Spine2-Matrix-animation-output-transform-array" count="496">

0.999978 -0.002018 -0.006388 0.000000 0.001982 0.999982 -0.005716 13.301700 0.006399 0.005703 0.999963 -0.000000 0.000000 0.000000 0.000000 1.000000
0.999968 -0.002276 -0.007623 -0.000000 0.002240 0.999987 -0.004619 13.301700 0.007634 0.004602 0.999960 0.000000 0.000000 0.000000 0.000000 1.000000
0.999939 -0.002767 -0.010654 0.000000 0.002744 0.999994 -0.002215 13.301700 0.010660 0.002185 0.999941 -0.000000 0.000000 0.000000 0.000000 1.000000
0.999876 -0.003024 -0.015480 -0.000000 0.003012 0.999995 -0.000796 13.301700 0.015482 0.000749 0.999880 0.000000 0.000000 0.000000 0.000000 1.000000
0.999797 -0.002940 -0.019922 0.000000 0.002913 0.999995 -0.001373 13.301700 0.019926 0.001315 0.999801 0.000000 0.000000 0.000000 0.000000 1.000000
0.999753 -0.003139 -0.022017 0.000000 0.003085 0.999992 -0.002474 13.301700 0.022025 0.002406 0.999755 0.000000 0.000000 0.000000 0.000000 1.000000
0.999752 -0.003910 -0.021943 0.000000 0.003851 0.999989 -0.002736 13.301700 0.021954 0.002651 0.999755 -0.000000 0.000000 0.000000 0.000000 1.000000
0.999788 -0.004243 -0.020135 -0.000000 0.004196 0.999988 -0.002343 13.301700 0.020145 0.002258 0.999795 0.000000 0.000000 0.000000 0.000000 1.000000
0.999830 -0.004037 -0.017990 0.000000 0.004004 0.999990 -0.001850 13.301700 0.017997 0.001778 0.999836 -0.000000 0.000000 0.000000 0.000000 1.000000
0.999834 -0.004201 -0.017740 0.000000 0.004179 0.999990 -0.001275 13.301700 0.017745 0.001200 0.999842 -0.000000 0.000000 0.000000 0.000000 1.000000
0.999828 -0.004208 -0.018087 -0.000000 0.004196 0.999991 -0.000726 13.301700 0.018090 0.000650 0.999836 -0.000000 0.000000 0.000000 0.000000 1.000000
0.999824 -0.003457 -0.018431 0.000000 0.003453 0.999994 -0.000223 13.301700 0.018432 0.000160 0.999830 -0.000000 0.000000 0.000000 0.000000 1.000000
0.999830 -0.002819 -0.018208 0.000000 0.002830 0.999996 0.000561 13.301700 0.018207 -0.000613 0.999834 0.000000 0.000000 0.000000 0.000000 1.000000
0.999856 -0.002341 -0.016803 0.000000 0.002365 0.999996 0.001426 13.301700 0.016800 -0.001466 0.999858 0.000000 0.000000 0.000000 0.000000 1.000000
0.999893 -0.001598 -0.014570 0.000000 0.001617 0.999998 0.001280 13.301700 0.014568 -0.001303 0.999893 0.000000 0.000000 0.000000 0.000000 1.000000
0.999918 -0.001358 -0.012765 0.000000 0.001355 0.999999 -0.000275 13.301700 0.012765 0.000258 0.999918 0.000000 0.000000 0.000000 0.000000 1.000000
0.999913 -0.001551 -0.013130 -0.000000 0.001526 0.999997 -0.001905 13.301700 0.013133 0.001885 0.999912 -0.000000 0.000000 0.000000 0.000000 1.000000
0.999900 -0.000568 -0.014120 0.000000 0.000530 0.999996 -0.002684 13.301700 0.014122 0.002677 0.999897 0.000000 0.000000 0.000000 0.000000 1.000000
0.999895 0.000756 -0.014502 0.000000 -0.000801 0.999995 -0.003082 13.301700 0.014500 0.003093 0.999890 0.000000 0.000000 0.000000 0.000000 1.000000
0.999892 0.000685 -0.014650 -0.000000 -0.000747 0.999991 -0.004200 13.301700 0.014647 0.004210 0.999884 -0.000000 0.000000 0.000000 0.000000 1.000000
0.999902 -0.000070 -0.013977 -0.000000 -0.000011 0.999983 -0.005750 13.301700 0.013977 0.005749 0.999886 0.000000 0.000000 0.000000 0.000000 1.000000
0.999924 -0.000510 -0.012324 0.000000 0.000428 0.999978 -0.006623 13.301700 0.012327 0.006617 0.999902 0.000000 0.000000 0.000000 0.000000 1.000000
0.999947 -0.000587 -0.010308 0.000000 0.000513 0.999974 -0.007186 13.301700 0.010312 0.007180 0.999921 -0.000000 0.000000 0.000000 0.000000 1.000000
0.999968 -0.000728 -0.007970 0.000000 0.000666 0.999969 -0.007825 13.301700 0.007976 0.007819 0.999938 0.000000 0.000000 0.000000 0.000000 1.000000
0.999984 -0.000947 -0.005586 0.000000 0.000900 0.999963 -0.008527 13.301700 0.005594 0.008522 0.999948 0.000000 0.000000 0.000000 0.000000 1.000000
0.999992 -0.001140 -0.003767 0.000000 0.001106 0.999958 -0.009132 13.301700 0.003777 0.009128 0.999951 -0.000000 0.000000 0.000000 0.000000 1.000000
0.999996 -0.001275 -0.002691 0.000000 0.001249 0.999954 -0.009513 13.301700 0.002703 0.009509 0.999951 0.000000 0.000000 0.000000 0.000000 1.000000
0.999996 -0.001326 -0.002582 -0.000000 0.001300 0.999949 -0.010012 13.301700 0.002595 0.010009 0.999947 -0.000000 0.000000 0.000000 0.000000 1.000000
0.999994 -0.001685 -0.002962 0.000000 0.001655 0.999949 -0.009993 13.301700 0.002979 0.009988 0.999946 -0.000000 0.000000 0.000000 0.000000 1.000000
0.999990 -0.002007 -0.003887 -0.000000 0.001975 0.999963 -0.008384 13.301700 0.003904 0.008377 0.999957 -0.000000 0.000000 0.000000 0.000000 1.000000
0.999978 -0.001768 -0.006442 0.000000 0.001731 0.999982 -0.005714 13.301700 0.006452 0.005703 0.999963 -0.000000 0.000000 0.000000 0.000000 1.000000</float_array>
        <technique_common>
          <accessor source="#mixamorig4_Spine2-Matrix-animation-output-transform-array" count="31" stride="16">
            <param type="float4x4"/>
          </accessor>
        </technique_common>
      </source>
      <source id="mixamorig4_Spine2-Interpolations">
        <Name_array id="mixamorig4_Spine2-Interpolations-array" count="31">
 LINEAR LINEAR LINEAR LINEAR LINEAR LINEAR LINEAR LINEAR LINEAR LINEAR LINEAR
LINEAR LINEAR LINEAR LINEAR LINEAR LINEAR LINEAR LINEAR LINEAR LINEAR LINEAR LINEAR
LINEAR LINEAR LINEAR LINEAR LINEAR LINEAR LINEAR LINEAR</Name_array>
        <technique_common>
          <accessor source="#mixamorig4_Spine2-Interpolations-array" count="31">
            <param type="name"/>
          </accessor>
        </technique_common>
      </source>
      <sampler id="mixamorig4_Spine2-Matrix-animation-transform">
        <input semantic="INPUT" source="#mixamorig4_Spine2-Matrix-animation-input"/>
        <input semantic="OUTPUT" source="#mixamorig4_Spine2-Matrix-animation-output-transform"/>
        <input semantic="INTERPOLATION" source="#mixamorig4_Spine2-Interpolations"/>
      </sampler>
      <channel source="#mixamorig4_Spine2-Matrix-animation-transform" target="mixamorig4_Spine2/matrix"/>
    </animation>
    <animation id="mixamorig4_Neck-anim" name="mixamorig4_Neck">
      <source id="mixamorig4_Neck-Matrix-animation-input">
        <float_array id="mixamorig4_Neck-Matrix-animation-input-array" count="31">

0.000000 0.033333 0.066667 0.100000 0.133333 0.166667 0.200000 0.233333 0.266667 0.300000 0.333333 0.366667 0.400000 0.433333 0.466667 0.500000
0.533333 0.566667 0.600000 0.633333 0.666667 0.700000 0.733333 0.766667 0.800000 0.833333 0.866667 0.900000 0.933333 0.966667 1.000000</float_array>
        <technique_common>
          <accessor source="#mixamorig4_Neck-Matrix-animation-input-array" count="31">
            <param name="TIME" type="float"/>
          </accessor>
        </technique_common>
      </source>
      <source id="mixamorig4_Neck-Matrix-animation-output-transform">
        <float_array id="mixamorig4_Neck-Matrix-animation-output-transform-array" count="496">

0.997219 0.006324 0.074262 0.000000 -0.001203 0.997630 -0.068799 14.964400 -0.074521 0.068518 0.994863 -0.000000 0.000000 0.000000 0.000000 1.000000
0.997211 0.005608 0.074421 0.000000 -0.000437 0.997595 -0.069312 14.964400 -0.074631 0.069086 0.994815 0.000000 0.000000 0.000000 0.000000 1.000000
0.997171 0.005177 0.074989 0.000000 -0.000014 0.997638 -0.068687 14.964400 -0.075167 0.068491 0.994816 0.000000 0.000000 0.000000 0.000000 1.000000
0.997115 0.005417 0.075708 -0.000000 -0.000346 0.997764 -0.066834 14.964400 -0.075901 0.066615 0.994888 -0.000000 0.000000 0.000000 0.000000 1.000000
0.997069 0.006402 0.076233 0.000000 -0.001419 0.997868 -0.065246 14.964400 -0.076489 0.064947 0.994953 -0.000000 0.000000 0.000000 0.000000 1.000000
0.997045 0.007010 0.076503 0.000000 -0.002045 0.997897 -0.064785 14.964400 -0.076797 0.064437 0.994962 0.000000 0.000000 0.000000 0.000000 1.000000
0.997004 0.007730 0.076961 0.000000 -0.002673 0.997843 -0.065596 14.964400 -0.077302 0.065194 0.994874 0.000000 0.000000 0.000000 0.000000 1.000000
0.996983 0.008469 0.077158 0.000000 -0.003331 0.997782 -0.066484 14.964400 -0.077550 0.066026 0.994800 0.000000 0.000000 0.000000 0.000000 1.000000
0.997007 0.009158 0.076771 0.000000 -0.004021 0.997758 -0.066802 14.964400 -0.077211 0.066293 0.994808 -0.000000 0.000000 0.000000 0.000000 1.000000
0.996995 0.010546 0.076746 0.000000 -0.005417 0.997756 -0.066738 14.964400 -0.077278 0.066122 0.994815 0.000000 0.000000 0.000000 0.000000 1.000000
0.996985 0.011555 0.076735 0.000000 -0.006445 0.997765 -0.066502 14.964400 -0.077332 0.065807 0.994831 -0.000000 0.000000 0.000000 0.000000 1.000000
0.996988 0.011403 0.076708 0.000000 -0.006335 0.997800 -0.065988 14.964400 -0.077292 0.065303 0.994868 0.000000 0.000000 0.000000 0.000000 1.000000
0.997000 0.011056 0.076613 0.000000 -0.006015 0.997820 -0.065718 14.964400 -0.077173 0.065060 0.994893 -0.000000 0.000000 0.000000 0.000000 1.000000
0.997025 0.010991 0.076285 0.000000 -0.005975 0.997824 -0.065669 14.964400 -0.076841 0.065017 0.994921 -0.000000 0.000000 0.000000 0.000000 1.000000
0.997067 0.010992 0.075738 0.000000 -0.006007 0.997820 -0.065726 14.964400 -0.076295 0.065079 0.994959 0.000000 0.000000 0.000000 0.000000 1.000000
0.997103 0.011203 0.075236 0.000000 -0.006209 0.997781 -0.066292 14.964400 -0.075812 0.065633 0.994960 0.000000 0.000000 0.000000 0.000000 1.000000
0.997096 0.011621 0.075258 0.000000 -0.006549 0.997712 -0.067297 14.964400 -0.075868 0.066608 0.994891 0.000000 0.000000 0.000000 0.000000 1.000000
0.997113 0.012019 0.074979 -0.000000 -0.006954 0.997699 -0.067440 14.964400 -0.075617 0.066724 0.994902 0.000000 0.000000 0.000000 0.000000 1.000000
0.997161 0.012348 0.074285 0.000000 -0.007329 0.997695 -0.067463 14.964400 -0.074947 0.066727 0.994953 0.000000 0.000000 0.000000 0.000000 1.000000
0.997150 0.012983 0.074322 0.000000 -0.007892 0.997628 -0.068386 14.964400 -0.075034 0.067605 0.994887 0.000000 0.000000 0.000000 0.000000 1.000000
0.997108 0.013760 0.074746 0.000000 -0.008552 0.997542 -0.069552 14.964400 -0.075519 0.068711 0.994774 0.000000 0.000000 0.000000 0.000000 1.000000
0.997118 0.013843 0.074589 0.000000 -0.008612 0.997510 -0.070001 14.964400 -0.075372 0.069157 0.994754 -0.000000 0.000000 0.000000 0.000000 1.000000
0.997182 0.013260 0.073843 0.000000 -0.008107 0.997539 -0.069648 14.964400 -0.074585 0.068853 0.994835 0.000000 0.000000 0.000000 0.000000 1.000000
0.997244 0.012507 0.073131 -0.000000 -0.007455 0.997592 -0.068951 14.964400 -0.073817 0.068216 0.994936 0.000000 0.000000 0.000000 0.000000 1.000000
0.997279 0.012021 0.072737 0.000000 -0.007024 0.997622 -0.068569 14.964400 -0.073388 0.067872 0.994991 0.000000 0.000000 0.000000 0.000000 1.000000
0.997301 0.011698 0.072489 0.000000 -0.006726 0.997631 -0.068468 14.964400 -0.073118 0.067796 0.995016 0.000000 0.000000 0.000000 0.000000 1.000000
0.997303 0.011542 0.072480 0.000000 -0.006538 0.997602 -0.068901 14.964400 -0.073102 0.068241 0.994987 0.000000 0.000000 0.000000 0.000000 1.000000
0.997303 0.010860 0.072590 0.000000 -0.005821 0.997581 -0.069271 14.964400 -0.073166 0.068662 0.994953 -0.000000 0.000000 0.000000 0.000000 1.000000
0.997313 0.009496 0.072643 -0.000000 -0.004471 0.997605 -0.069026 14.964400 -0.073125 0.068516 0.994967 0.000000 0.000000 0.000000 0.000000 1.000000
0.997299 0.007851 0.073031 0.000000 -0.002786 0.997599 -0.069193 14.964400 -0.073399 0.068803 0.994927 0.000000 0.000000 0.000000 0.000000 1.000000
0.997219 0.006324 0.074263 0.000000 -0.001203 0.997630 -0.068799 14.964400 -0.074522 0.068518 0.994863 -0.000000 0.000000 0.000000 0.000000 1.000000</float_array>
        <technique_common>
          <accessor source="#mixamorig4_Neck-Matrix-animation-output-transform-array" count="31" stride="16">
            <param type="float4x4"/>
          </accessor>
        </technique_common>
      </source>
      <source id="mixamorig4_Neck-Interpolations">
        <Name_array id="mixamorig4_Neck-Interpolations-array" count="31">
 LINEAR LINEAR LINEAR LINEAR LINEAR LINEAR LINEAR LINEAR LINEAR LINEAR LINEAR
LINEAR LINEAR LINEAR LINEAR LINEAR LINEAR LINEAR LINEAR LINEAR LINEAR LINEAR LINEAR
LINEAR LINEAR LINEAR LINEAR LINEAR LINEAR LINEAR LINEAR</Name_array>
        <technique_common>
          <accessor source="#mixamorig4_Neck-Interpolations-array" count="31">
            <param type="name"/>
          </accessor>
        </technique_common>
      </source>
      <sampler id="mixamorig4_Neck-Matrix-animation-transform">
        <input semantic="INPUT" source="#mixamorig4_Neck-Matrix-animation-input"/>
        <input semantic="OUTPUT" source="#mixamorig4_Neck-Matrix-animation-output-transform"/>
        <input semantic="INTERPOLATION" source="#mixamorig4_Neck-Interpolations"/>
      </sampler>
      <channel source="#mixamorig4_Neck-Matrix-animation-transform" target="mixamorig4_Neck/matrix"/>
    </animation>
    <animation id="mixamorig4_Head-anim" name="mixamorig4_Head">
      <source id="mixamorig4_Head-Matrix-animation-input">
        <float_array id="mixamorig4_Head-Matrix-animation-input-array" count="31">

0.000000 0.033333 0.066667 0.100000 0.133333 0.166667 0.200000 0.233333 0.266667 0.300000 0.333333 0.366667 0.400000 0.433333 0.466667 0.500000
0.533333 0.566667 0.600000 0.633333 0.666667 0.700000 0.733333 0.766667 0.800000 0.833333 0.866667 0.900000 0.933333 0.966667 1.000000</float_array>
        <technique_common>
          <accessor source="#mixamorig4_Head-Matrix-animation-input-array" count="31">
            <param name="TIME" type="float"/>
          </accessor>
        </technique_common>
      </source>
      <source id="mixamorig4_Head-Matrix-animation-output-transform">
        <float_array id="mixamorig4_Head-Matrix-animation-output-transform-array" count="496">

0.997243 0.002459 0.074163 -0.000000 -0.004696 0.999539 0.030009 7.468700 -0.074055 -0.030275 0.996795 2.577500 0.000000 0.000000 0.000000 1.000000
0.997232 0.001731 0.074332 0.000000 -0.003932 0.999558 0.029482 7.468700 -0.074248 -0.029693 0.996798 2.577500 0.000000 0.000000 0.000000 1.000000
0.997190 0.001275 0.074901 0.000000 -0.003539 0.999540 0.030105 7.468700 -0.074828 -0.030286 0.996736 2.577500 0.000000 0.000000 0.000000 1.000000
0.997136 0.001497 0.075609 0.000000 -0.003924 0.999482 0.031954 7.468700 -0.075522 -0.032159 0.996625 2.577500 0.000000 0.000000 0.000000 1.000000
0.997096 0.002470 0.076114 -0.000000 -0.005037 0.999424 0.033554 7.468700 -0.075987 -0.033840 0.996534 2.577500 0.000000 0.000000 0.000000 1.000000
0.997075 0.003055 0.076374 -0.000000 -0.005670 0.999404 0.034044 7.468700 -0.076224 -0.034377 0.996498 2.577500 0.000000 0.000000 0.000000 1.000000
0.997037 0.003784 0.076826 -0.000000 -0.006354 0.999427 0.033238 7.468700 -0.076656 -0.033628 0.996490 2.577500 0.000000 0.000000 0.000000 1.000000
0.997019 0.004557 0.077019 0.000000 -0.007066 0.999452 0.032338 7.468700 -0.076829 -0.032785 0.996505 2.577500 0.000000 0.000000 0.000000 1.000000
0.997046 0.005260 0.076625 -0.000000 -0.007734 0.999457 0.032026 7.468700 -0.076415 -0.032524 0.996545 2.577500 0.000000 0.000000 0.000000 1.000000
0.997041 0.006645 0.076590 -0.000000 -0.009127 0.999443 0.032105 7.468700 -0.076334 -0.032709 0.996546 2.577500 0.000000 0.000000 0.000000 1.000000
0.997034 0.007659 0.076577 0.000000 -0.010162 0.999425 0.032356 7.468700 -0.076285 -0.033038 0.996539 2.577500 0.000000 0.000000 0.000000 1.000000
0.997038 0.007517 0.076548 0.000000 -0.010060 0.999408 0.032888 7.468700 -0.076255 -0.033560 0.996523 2.577500 0.000000 0.000000 0.000000 1.000000
0.997048 0.007191 0.076445 0.000000 -0.009751 0.999402 0.033169 7.468700 -0.076161 -0.033816 0.996522 2.577500 0.000000 0.000000 0.000000 1.000000
0.997073 0.007146 0.076123 0.000000 -0.009696 0.999402 0.033179 7.468700 -0.075840 -0.033820 0.996546 2.577500 0.000000 0.000000 0.000000 1.000000
0.997115 0.007160 0.075572 0.000000 -0.009684 0.999406 0.033079 7.468700 -0.075291 -0.033715 0.996591 2.577500 0.000000 0.000000 0.000000 1.000000
0.997151 0.007380 0.075072 -0.000000 -0.009844 0.999423 0.032511 7.468700 -0.074788 -0.033158 0.996648 2.577500 0.000000 0.000000 0.000000 1.000000
0.997146 0.007812 0.075094 0.000000 -0.010204 0.999451 0.031517 7.468700 -0.074807 -0.032193 0.996678 2.577500 0.000000 0.000000 0.000000 1.000000
0.997164 0.008200 0.074811 0.000000 -0.010574 0.999451 0.031386 7.468700 -0.074513 -0.032088 0.996704 2.577500 0.000000 0.000000 0.000000 1.000000
0.997214 0.008493 0.074112 0.000000 -0.010846 0.999448 0.031402 7.468700 -0.073804 -0.032118 0.996755 2.577500 0.000000 0.000000 0.000000 1.000000
0.997206 0.009132 0.074147 -0.000000 -0.011422 0.999469 0.030521 7.468700 -0.073828 -0.031282 0.996780 2.577500 0.000000 0.000000 0.000000 1.000000
0.997167 0.009931 0.074566 0.000000 -0.012149 0.999495 0.029350 7.468700 -0.074237 -0.030172 0.996784 2.577500 0.000000 0.000000 0.000000 1.000000
0.997178 0.010010 0.074408 0.000000 -0.012188 0.999509 0.028878 7.468700 -0.074082 -0.029704 0.996810 2.577500 0.000000 0.000000 0.000000 1.000000
0.997238 0.009427 0.073669 0.000000 -0.011607 0.999505 0.029224 7.468700 -0.073357 -0.029998 0.996854 2.577500 0.000000 0.000000 0.000000 1.000000
0.997297 0.008670 0.072964 0.000000 -0.010877 0.999493 0.029911 7.468700 -0.072667 -0.030623 0.996886 2.577500 0.000000 0.000000 0.000000 1.000000
0.997330 0.008172 0.072569 -0.000000 -0.010392 0.999488 0.030273 7.468700 -0.072285 -0.030947 0.996904 2.577500 0.000000 0.000000 0.000000 1.000000
0.997347 0.007855 0.072375 0.000000 -0.010075 0.999488 0.030362 7.468700 -0.072100 -0.031011 0.996915 2.577500 0.000000 0.000000 0.000000 1.000000
0.997350 0.007698 0.072346 0.000000 -0.009885 0.999503 0.029921 7.468700 -0.072080 -0.030557 0.996931 2.577500 0.000000 0.000000 0.000000 1.000000
0.997351 0.007013 0.072399 0.000000 -0.009174 0.999521 0.029559 7.468700 -0.072157 -0.030145 0.996938 2.577500 0.000000 0.000000 0.000000 1.000000
0.997352 0.005650 0.072510 -0.000000 -0.007830 0.999525 0.029815 7.468700 -0.072307 -0.030304 0.996922 2.577500 0.000000 0.000000 0.000000 1.000000
0.997330 0.004000 0.072917 0.000000 -0.006176 0.999541 0.029645 7.468700 -0.072765 -0.030016 0.996897 2.577500 0.000000 0.000000 0.000000 1.000000
0.997243 0.002459 0.074163 0.000000 -0.004696 0.999539 0.030009 7.468700 -0.074055 -0.030275 0.996795 2.577500 0.000000 0.000000 0.000000 1.000000</float_array>
        <technique_common>
