<?xml version="1.0" encoding="utf-8"?>
<COLLADA xmlns="http://www.collada.org/2005/11/COLLADASchema" version="1.4.1">
  <asset>
    <contributor>
      <author>Mixamo</author>
      <authoring_tool>COLLADA Mixamo exporter</authoring_tool>
      <comments/>
    </contributor>
    <created>2025-11-13T15:21:16Z</created>
    <modified>2025-11-13T15:21:16Z</modified>
    <revision/>
    <title/>
    <unit meter="0.010000"/>
    <up_axis>Y_UP</up_axis>
  </asset>
  <library_animations>
    <animation id="mixamorig4_Hips-anim" name="mixamorig4_Hips">
      <source id="mixamorig4_Hips-Matrix-animation-input">
        <float_array id="mixamorig4_Hips-Matrix-animation-input-array" count="22">

0.000000 0.033333 0.066667 0.100000 0.133333 0.166667 0.200000 0.233333 0.266667 0.300000 0.333333 0.366667 0.400000 0.433333 0.466667 0.500000
0.533333 0.566667 0.600000 0.633333 0.666667 0.700000</float_array>
        <technique_common>
          <accessor source="#mixamorig4_Hips-Matrix-animation-input-array" count="22">
            <param name="TIME" type="float"/>
          </accessor>
        </technique_common>
      </source>
      <source id="mixamorig4_Hips-Matrix-animation-output-transform">
        <float_array id="mixamorig4_Hips-Matrix-animation-output-transform-array" count="352">

0.996313 0.083369 -0.020253 0.174172 -0.085723 0.976936 -0.195569 87.112999 0.003482 0.196584 0.980481 0.327988 0.000000 0.000000 0.000000 1.000000
0.999463 0.015909 -0.028636 0.282579 -0.020421 0.986095 -0.164921 87.735985 0.025614 0.165417 0.985891 0.360329 0.000000 0.000000 0.000000 1.000000
0.996802 -0.075401 -0.026453 0.117162 0.069648 0.982117 -0.174916 89.749893 0.039169 0.172515 0.984228 0.622314 0.000000 0.000000 0.000000 1.000000
0.982810 -0.184621 -0.000471 -0.095665 0.181504 0.966677 -0.180533 91.508682 0.033786 0.177344 0.983569 0.708499 0.000000 0.000000 0.000000 1.000000
0.979036 -0.200552 0.035594 -0.137866 0.203666 0.961405 -0.184988 93.361786 0.002879 0.188360 0.982096 0.744150 0.000000 0.000000 0.000000 1.000000
0.988825 -0.142052 0.045243 -0.131850 0.148126 0.970474 -0.190366 94.032684 -0.016865 0.194940 0.980670 0.668519 0.000000 0.000000 0.000000 1.000000
0.995038 -0.091314 0.039505 -0.125754 0.096336 0.983485 -0.153218 93.775452 -0.024861 0.156264 0.987402 0.343419 0.000000 0.000000 0.000000 1.000000
0.996571 -0.032310 0.076173 -0.026100 0.042280 0.990194 -0.133145 92.647781 -0.071124 0.135909 0.988165 0.220132 0.000000 0.000000 0.000000 1.000000
0.994976 -0.013836 0.099149 -0.043461 0.027752 0.989708 -0.140382 90.444550 -0.096186 0.142429 0.985120 0.269769 0.000000 0.000000 0.000000 1.000000
0.995651 -0.018830 0.091239 -0.227334 0.034476 0.984305 -0.173074 88.757286 -0.086548 0.175467 0.980674 0.463270 0.000000 0.000000 0.000000 1.000000
0.997063 -0.024671 0.072498 -0.930799 0.037632 0.982342 -0.183272 87.002670 -0.066696 0.185462 0.980385 0.461820 0.000000 0.000000 0.000000 1.000000
0.997078 0.026017 0.071821 -1.668461 -0.012548 0.983225 -0.181967 87.008270 -0.075350 0.180534 0.980678 0.444949 0.000000 0.000000 0.000000 1.000000
0.993355 0.081723 0.081035 -1.612297 -0.065401 0.980213 -0.186827 88.678772 -0.094700 0.180286 0.979045 0.549902 0.000000 0.000000 0.000000 1.000000
0.993085 0.111862 0.035624 -1.357649 -0.103451 0.977296 -0.184909 91.131699 -0.055500 0.179945 0.982110 0.579195 0.000000 0.000000 0.000000 1.000000
0.991931 0.126705 0.004245 -0.863785 -0.123885 0.975873 -0.179789 92.835854 -0.026922 0.177813 0.983696 0.509714 0.000000 0.000000 0.000000 1.000000
0.998089 0.059524 0.016597 -0.886142 -0.055951 0.984509 -0.166170 93.901955 -0.026231 0.164923 0.985957 0.383757 0.000000 0.000000 0.000000 1.000000
0.998293 -0.055959 0.016738 -1.197649 0.057762 0.988364 -0.140713 94.293442 -0.008669 0.141440 0.989909 0.245743 0.000000 0.000000 0.000000 1.000000
0.998102 -0.061589 0.000202 -1.186964 0.061175 0.991004 -0.119035 93.643387 0.007131 0.118822 0.992890 0.005686 0.000000 0.000000 0.000000 1.000000
0.999047 -0.026227 -0.034892 -0.908573 0.022067 0.993156 -0.114694 92.161407 0.037661 0.113815 0.992788 -0.086903 0.000000 0.000000 0.000000 1.000000
0.998333 0.040486 -0.041124 -0.299050 -0.045395 0.990932 -0.126461 90.118225 0.035632 0.128117 0.991119 -0.066506 0.000000 0.000000 0.000000 1.000000
0.996329 0.082645 -0.022333 -0.046138 -0.085242 0.981834 -0.169515 88.187195 0.007918 0.170796 0.985275 0.137975 0.000000 0.000000 0.000000 1.000000
0.996313 0.083369 -0.020253 0.174172 -0.085723 0.976936 -0.195569 87.112999 0.003482 0.196584 0.980481 0.327988 0.000000 0.000000 0.000000 1.000000</float_array>
        <technique_common>
          <accessor source="#mixamorig4_Hips-Matrix-animation-output-transform-array" count="22" stride="16">
            <param type="float4x4"/>
          </accessor>
        </technique_common>
      </source>
      <source id="mixamorig4_Hips-Interpolations">
        <Name_array id="mixamorig4_Hips-Interpolations-array" count="22">
 LINEAR LINEAR LINEAR LINEAR LINEAR LINEAR LINEAR LINEAR LINEAR LINEAR LINEAR
LINEAR LINEAR LINEAR LINEAR LINEAR LINEAR LINEAR LINEAR LINEAR LINEAR LINEAR</Name_array>
        <technique_common>
          <accessor source="#mixamorig4_Hips-Interpolations-array" count="22">
            <param type="name"/>
          </accessor>
        </technique_common>
      </source>
      <sampler id="mixamorig4_Hips-Matrix-animation-transform">
        <input semantic="INPUT" source="#mixamorig4_Hips-Matrix-animation-input"/>
        <input semantic="OUTPUT" source="#mixamorig4_Hips-Matrix-animation-output-transform"/>
        <input semantic="INTERPOLATION" source="#mixamorig4_Hips-Interpolations"/>
      </sampler>
      <channel source="#mixamorig4_Hips-Matrix-animation-transform" target="mixamorig4_Hips/matrix"/>
    </animation>
    <animation id="mixamorig4_Spine-anim" name="mixamorig4_Spine">
      <source id="mixamorig4_Spine-Matrix-animation-input">
        <float_array id="mixamorig4_Spine-Matrix-animation-input-array" count="22">

0.000000 0.033333 0.066667 0.100000 0.133333 0.166667 0.200000 0.233333 0.266667 0.300000 0.333333 0.366667 0.400000 0.433333 0.466667 0.500000
0.533333 0.566667 0.600000 0.633333 0.666667 0.700000</float_array>
        <technique_common>
          <accessor source="#mixamorig4_Spine-Matrix-animation-input-array" count="22">
            <param name="TIME" type="float"/>
          </accessor>
        </technique_common>
      </source>
      <source id="mixamorig4_Spine-Matrix-animation-output-transform">
        <float_array id="mixamorig4_Spine-Matrix-animation-output-transform-array" count="352">

0.992376 -0.122343 0.014905 0.000000 0.123131 0.989423 -0.076682 9.927700 -0.005366 0.077933 0.996944 -0.982900 0.000000 0.000000 0.000000 1.000000
0.993122 -0.045920 0.107704 0.000000 0.055350 0.994734 -0.086262 9.927700 -0.103175 0.091630 0.990434 -0.982900 0.000000 0.000000 0.000000 1.000000
0.984036 0.060081 0.167520 0.000000 -0.048288 0.996118 -0.073606 9.927700 -0.171292 0.064342 0.983117 -0.982900 0.000000 0.000000 0.000000 1.000000
0.958604 0.194108 0.208329 0.000000 -0.181082 0.980204 -0.080062 9.927700 -0.219745 0.039023 0.974777 -0.982900 0.000000 0.000000 0.000000 1.000000
0.942497 0.215903 0.255120 0.000000 -0.206222 0.976381 -0.064443 9.927700 -0.263007 0.008126 0.964760 -0.982900 0.000000 0.000000 0.000000 1.000000
0.945423 0.157238 0.285397 -0.000000 -0.154569 0.987464 -0.032001 9.927700 -0.286851 -0.013859 0.957875 -0.982900 0.000000 0.000000 0.000000 1.000000
0.959839 0.103591 0.260726 0.000000 -0.099391 0.994618 -0.029279 9.927700 -0.262356 0.002189 0.964969 -0.982900 0.000000 0.000000 0.000000 1.000000
0.985531 0.033374 0.166179 -0.000000 -0.030651 0.999351 -0.018922 9.927700 -0.166702 0.013554 0.985914 -0.982900 0.000000 0.000000 0.000000 1.000000
0.997149 0.012737 0.074372 0.000000 -0.011644 0.999818 -0.015110 9.927700 -0.074551 0.014200 0.997116 -0.982900 0.000000 0.000000 0.000000 1.000000
0.999745 0.022529 0.001190 -0.000000 -0.022485 0.999326 -0.029010 9.927700 -0.001843 0.028976 0.999578 -0.982900 0.000000 0.000000 0.000000 1.000000
0.996873 0.047232 -0.063348 0.000000 -0.050430 0.997481 -0.049883 9.927700 0.060833 0.052921 0.996744 -0.982900 0.000000 0.000000 0.000000 1.000000
0.991112 0.000894 -0.133030 0.000000 -0.009575 0.997863 -0.064634 9.927700 0.132688 0.065333 0.989002 -0.982900 0.000000 0.000000 0.000000 1.000000
0.975993 -0.056078 -0.210461 -0.000000 0.040307 0.996100 -0.078491 9.927700 0.214042 0.068123 0.974446 -0.982900 0.000000 0.000000 0.000000 1.000000
0.960857 -0.089766 -0.262101 0.000000 0.071591 0.994371 -0.078108 9.927700 0.267637 0.056286 0.961874 -0.982900 0.000000 0.000000 0.000000 1.000000
0.934616 -0.123849 -0.333397 0.000000 0.102367 0.991417 -0.081321 9.927700 0.340607 0.041876 0.939273 -0.982900 0.000000 0.000000 0.000000 1.000000
0.915171 -0.046192 -0.400411 -0.000000 0.028714 0.998359 -0.049545 9.927700 0.402042 0.033844 0.914995 -0.982900 0.000000 0.000000 0.000000 1.000000
0.906033 0.094519 -0.412518 0.000000 -0.100520 0.994909 0.007183 9.927700 0.411097 0.034958 0.910921 -0.982900 0.000000 0.000000 0.000000 1.000000
0.921252 0.094209 -0.377385 0.000000 -0.108867 0.993900 -0.017648 9.927700 0.373421 0.057343 0.925888 -0.982900 0.000000 0.000000 0.000000 1.000000
0.950956 0.047071 -0.305723 0.000000 -0.066842 0.996273 -0.054522 9.927700 0.302017 0.072283 0.950558 -0.982900 0.000000 0.000000 0.000000 1.000000
0.977857 -0.054970 -0.201928 0.000000 0.038653 0.995726 -0.083879 9.927700 0.205676 0.074216 0.975802 -0.982900 0.000000 0.000000 0.000000 1.000000
0.987441 -0.120708 -0.101936 0.000000 0.112443 0.990162 -0.083285 9.927700 0.110986 0.070777 0.991298 -0.982900 0.000000 0.000000 0.000000 1.000000
0.992376 -0.122343 0.014905 0.000000 0.123131 0.989423 -0.076682 9.927700 -0.005366 0.077933 0.996944 -0.982900 0.000000 0.000000 0.000000 1.000000</float_array>
        <technique_common>
          <accessor source="#mixamorig4_Spine-Matrix-animation-output-transform-array" count="22" stride="16">
            <param type="float4x4"/>
          </accessor>
        </technique_common>
      </source>
      <source id="mixamorig4_Spine-Interpolations">
        <Name_array id="mixamorig4_Spine-Interpolations-array" count="22">
 LINEAR LINEAR LINEAR LINEAR LINEAR LINEAR LINEAR LINEAR LINEAR LINEAR LINEAR
LINEAR LINEAR LINEAR LINEAR LINEAR LINEAR LINEAR LINEAR LINEAR LINEAR LINEAR</Name_array>
        <technique_common>
          <accessor source="#mixamorig4_Spine-Interpolations-array" count="22">
            <param type="name"/>
          </accessor>
        </technique_common>
      </source>
      <sampler id="mixamorig4_Spine-Matrix-animation-transform">
        <input semantic="INPUT" source="#mixamorig4_Spine-Matrix-animation-input"/>
        <input semantic="OUTPUT" source="#mixamorig4_Spine-Matrix-animation-output-transform"/>
        <input semantic="INTERPOLATION" source="#mixamorig4_Spine-Interpolations"/>
      </sampler>
      <channel source="#mixamorig4_Spine-Matrix-animation-transform" target="mixamorig4_Spine/matrix"/>
    </animation>
    <animation id="mixamorig4_Spine1-anim" name="mixamorig4_Spine1">
      <source id="mixamorig4_Spine1-Matrix-animation-input">
        <float_array id="mixamorig4_Spine1-Matrix-animation-input-array" count="22">

0.000000 0.033333 0.066667 0.100000 0.133333 0.166667 0.200000 0.233333 0.266667 0.300000 0.333333 0.366667 0.400000 0.433333 0.466667 0.500000
0.533333 0.566667 0.600000 0.633333 0.666667 0.700000</float_array>
        <technique_common>
          <accessor source="#mixamorig4_Spine1-Matrix-animation-input-array" count="22">
            <param name="TIME" type="float"/>
          </accessor>
        </technique_common>
      </source>
      <source id="mixamorig4_Spine1-Matrix-animation-output-transform">
        <float_array id="mixamorig4_Spine1-Matrix-animation-output-transform-array" count="352">

0.999960 -0.008751 -0.001691 0.000000 0.008685 0.999335 -0.035411 11.639000 0.002000 0.035395 0.999371 0.000000 0.000000 0.000000 0.000000 1.000000
0.998894 -0.007838 0.046363 -0.000000 0.009815 0.999045 -0.042576 11.639000 -0.045985 0.042984 0.998017 -0.000000 0.000000 0.000000 0.000000 1.000000
0.997285 -0.005003 0.073469 0.000000 0.007311 0.999487 -0.031167 11.639000 -0.073276 0.031619 0.996810 0.000000 0.000000 0.000000 0.000000 1.000000
0.996321 0.000135 0.085701 0.000000 0.001663 0.999780 -0.020919 11.639000 -0.085685 0.020984 0.996101 0.000000 0.000000 0.000000 0.000000 1.000000
0.995111 0.003804 0.098687 -0.000000 -0.003013 0.999962 -0.008162 11.639000 -0.098715 0.007824 0.995085 0.000000 0.000000 0.000000 0.000000 1.000000
0.994503 -0.002779 0.104667 0.000000 0.002448 0.999992 0.003287 11.639000 -0.104675 -0.003013 0.994502 0.000000 0.000000 0.000000 0.000000 1.000000
0.995413 -0.003310 0.095610 0.000000 0.003517 0.999992 -0.002000 11.639000 -0.095602 0.002327 0.995417 0.000000 0.000000 0.000000 0.000000 1.000000
0.997214 0.003989 0.074480 -0.000000 -0.003607 0.999980 -0.005258 11.639000 -0.074500 0.004974 0.997209 0.000000 0.000000 0.000000 0.000000 1.000000
0.998581 0.013564 0.051501 0.000000 -0.013358 0.999901 -0.004337 11.639000 -0.051554 0.003643 0.998664 -0.000000 0.000000 0.000000 0.000000 1.000000
0.999557 0.022502 0.019494 0.000000 -0.022388 0.999731 -0.006051 11.639000 -0.019625 0.005612 0.999792 0.000000 0.000000 0.000000 0.000000 1.000000
0.999545 0.025661 -0.015823 0.000000 -0.025811 0.999623 -0.009353 11.639000 0.015577 0.009757 0.999831 -0.000000 0.000000 0.000000 0.000000 1.000000
0.998369 0.020746 -0.053193 0.000000 -0.021500 0.999676 -0.013645 11.639000 0.052893 0.014766 0.998491 0.000000 0.000000 0.000000 0.000000 1.000000
0.995126 0.014503 -0.097543 0.000000 -0.016184 0.999734 -0.016458 11.639000 0.097278 0.017956 0.995095 0.000000 0.000000 0.000000 0.000000 1.000000
0.991928 0.008975 -0.126482 0.000000 -0.010581 0.999872 -0.012027 11.639000 0.126358 0.013268 0.991896 0.000000 0.000000 0.000000 0.000000 1.000000
0.989353 0.009579 -0.145223 0.000000 -0.010741 0.999916 -0.007218 11.639000 0.145142 0.008701 0.989373 -0.000000 0.000000 0.000000 0.000000 1.000000
0.988340 0.012910 -0.151712 -0.000000 -0.014010 0.999883 -0.006180 11.639000 0.151614 0.008233 0.988405 0.000000 0.000000 0.000000 0.000000 1.000000
0.987483 0.019823 -0.156475 0.000000 -0.021038 0.999760 -0.006109 11.639000 0.156317 0.009324 0.987663 0.000000 0.000000 0.000000 0.000000 1.000000
0.988254 0.027524 -0.150321 -0.000000 -0.030096 0.999437 -0.014859 11.639000 0.149828 0.019208 0.988526 0.000000 0.000000 0.000000 0.000000 1.000000
0.991430 0.015928 -0.129667 0.000000 -0.019542 0.999454 -0.026652 11.639000 0.129171 0.028958 0.991199 0.000000 0.000000 0.000000 0.000000 1.000000
0.995155 0.003976 -0.098236 0.000000 -0.006970 0.999521 -0.030158 11.639000 0.098069 0.030697 0.994706 0.000000 0.000000 0.000000 0.000000 1.000000
0.998329 -0.001017 -0.057778 -0.000000 -0.000771 0.999522 -0.030916 11.639000 0.057782 0.030909 0.997851 0.000000 0.000000 0.000000 0.000000 1.000000
0.999960 -0.008751 -0.001691 0.000000 0.008685 0.999335 -0.035411 11.639000 0.002000 0.035395 0.999371 0.000000 0.000000 0.000000 0.000000 1.000000</float_array>
        <technique_common>
          <accessor source="#mixamorig4_Spine1-Matrix-animation-output-transform-array" count="22" stride="16">
            <param type="float4x4"/>
          </accessor>
        </technique_common>
      </source>
      <source id="mixamorig4_Spine1-Interpolations">
        <Name_array id="mixamorig4_Spine1-Interpolations-array" count="22">
 LINEAR LINEAR LINEAR LINEAR LINEAR LINEAR LINEAR LINEAR LINEAR LINEAR LINEAR
LINEAR LINEAR LINEAR LINEAR LINEAR LINEAR LINEAR LINEAR LINEAR LINEAR LINEAR</Name_array>
        <technique_common>
          <accessor source="#mixamorig4_Spine1-Interpolations-array" count="22">
            <param type="name"/>
          </accessor>
        </technique_common>
      </source>
      <sampler id="mixamorig4_Spine1-Matrix-animation-transform">
        <input semantic="INPUT" source="#mixamorig4_Spine1-Matrix-animation-input"/>
        <input semantic="OUTPUT" source="#mixamorig4_Spine1-Matrix-animation-output-transform"/>
        <input semantic="INTERPOLATION" source="#mixamorig4_Spine1-Interpolations"/>
      </sampler>
      <channel source="#mixamorig4_Spine1-Matrix-animation-transform" target="mixamorig4_Spine1/matrix"/>
    </animation>
    <animation id="mixamorig4_Spine2-anim" name="mixamorig4_Spine2">
      <source id="mixamorig4_Spine2-Matrix-animation-input">
        <float_array id="mixamorig4_Spine2-Matrix-animation-input-array" count="22">

0.000000 0.033333 0.066667 0.100000 0.133333 0.166667 0.200000 0.233333 0.266667 0.300000 0.333333 0.366667 0.400000 0.433333 0.466667 0.500000
0.533333 0.566667 0.600000 0.633333 0.666667 0.700000</float_array>
        <technique_common>
          <accessor source="#mixamorig4_Spine2-Matrix-animation-input-array" count="22">
            <param name="TIME" type="float"/>
          </accessor>
        </technique_common>
      </source>
      <source id="mixamorig4_Spine2-Matrix-animation-output-transform">
        <float_array id="mixamorig4_Spine2-Matrix-animation-output-transform-array" count="352">

0.999994 -0.003150 -0.001233 -0.000000 0.003030 0.996209 -0.086934 13.301700 0.001502 0.086929 0.996213 0.000000 0.000000 0.000000 0.000000 1.000000
0.998873 -0.001887 0.047433 0.000000 0.006338 0.995566 -0.093856 13.301700 -0.047045 0.094050 0.994455 0.000000 0.000000 0.000000 0.000000 1.000000
0.997187 0.001107 0.074947 0.000000 0.005005 0.996676 -0.081319 13.301700 -0.074787 0.081466 0.993866 0.000000 0.000000 0.000000 0.000000 1.000000
0.996159 0.006638 0.087308 0.000000 -0.000553 0.997579 -0.069535 13.301700 -0.087558 0.069220 0.993752 0.000000 0.000000 0.000000 0.000000 1.000000
0.994934 0.010964 0.099934 -0.000000 -0.005388 0.998422 -0.055894 13.301700 -0.100389 0.055072 0.993423 -0.000000 0.000000 0.000000 0.000000 1.000000
0.994388 0.004533 0.105693 0.000000 0.000198 0.999000 -0.044709 13.301700 -0.105790 0.044479 0.993393 0.000000 0.000000 0.000000 0.000000 1.000000
0.995305 0.004271 0.096690 0.000000 0.000687 0.998689 -0.051188 13.301700 -0.096781 0.051014 0.993997 0.000000 0.000000 0.000000 0.000000 1.000000
0.997089 0.011493 0.075374 0.000000 -0.007288 0.998414 -0.055826 13.301700 -0.075896 0.055115 0.995591 -0.000000 0.000000 0.000000 0.000000 1.000000
0.998431 0.020556 0.052082 0.000000 -0.017661 0.998305 -0.055457 13.301700 -0.053133 0.054450 0.997102 0.000000 0.000000 0.000000 0.000000 1.000000
0.999396 0.028577 0.019783 0.000000 -0.027403 0.997982 -0.057286 13.301700 -0.021381 0.056710 0.998162 0.000000 0.000000 0.000000 0.000000 1.000000
0.999401 0.030590 -0.016172 0.000000 -0.031518 0.997660 -0.060676 13.301700 0.014278 0.061149 0.998027 0.000000 0.000000 0.000000 0.000000 1.000000
0.998278 0.024003 -0.053523 0.000000 -0.027458 0.997522 -0.064783 13.301700 0.051835 0.066141 0.996463 -0.000000 0.000000 0.000000 0.000000 1.000000
0.995094 0.016908 -0.097484 -0.000000 -0.023510 0.997478 -0.066977 13.301700 0.096105 0.068940 0.992981 0.000000 0.000000 0.000000 0.000000 1.000000
0.991917 0.010843 -0.126428 -0.000000 -0.018733 0.997938 -0.061388 13.301700 0.125502 0.063260 0.990075 -0.000000 0.000000 0.000000 0.000000 1.000000
0.989318 0.011797 -0.145292 0.000000 -0.019928 0.998307 -0.054636 13.301700 0.144402 0.056948 0.987879 0.000000 0.000000 0.000000 0.000000 1.000000
0.988359 0.015592 -0.151336 -0.000000 -0.023963 0.998272 -0.053654 13.301700 0.150237 0.056656 0.987025 0.000000 0.000000 0.000000 0.000000 1.000000
0.987502 0.023138 -0.155900 0.000000 -0.031985 0.998002 -0.054484 13.301700 0.154328 0.058790 0.986269 -0.000000 0.000000 0.000000 0.000000 1.000000
0.988177 0.031589 -0.150031 -0.000000 -0.041409 0.997168 -0.062787 13.301700 0.147622 0.068258 0.986686 -0.000000 0.000000 0.000000 0.000000 1.000000
0.991366 0.020444 -0.129518 -0.000000 -0.030347 0.996725 -0.074954 13.301700 0.127562 0.078237 0.988740 0.000000 0.000000 0.000000 0.000000 1.000000
0.995136 0.008809 -0.098115 0.000000 -0.016639 0.996714 -0.079279 13.301700 0.097094 0.080526 0.992012 0.000000 0.000000 0.000000 0.000000 1.000000
0.998328 0.004435 -0.057626 0.000000 -0.009118 0.996651 -0.081257 13.301700 0.057073 0.081647 0.995026 -0.000000 0.000000 0.000000 0.000000 1.000000
0.999994 -0.003150 -0.001233 -0.000000 0.003030 0.996209 -0.086934 13.301700 0.001502 0.086929 0.996213 0.000000 0.000000 0.000000 0.000000 1.000000</float_array>
        <technique_common>
          <accessor source="#mixamorig4_Spine2-Matrix-animation-output-transform-array" count="22" stride="16">
            <param type="float4x4"/>
          </accessor>
        </technique_common>
      </source>
      <source id="mixamorig4_Spine2-Interpolations">
        <Name_array id="mixamorig4_Spine2-Interpolations-array" count="22">
 LINEAR LINEAR LINEAR LINEAR LINEAR LINEAR LINEAR LINEAR LINEAR LINEAR LINEAR
LINEAR LINEAR LINEAR LINEAR LINEAR LINEAR LINEAR LINEAR LINEAR LINEAR LINEAR</Name_array>
        <technique_common>
          <accessor source="#mixamorig4_Spine2-Interpolations-array" count="22">
            <param type="name"/>
          </accessor>
        </technique_common>
      </source>
      <sampler id="mixamorig4_Spine2-Matrix-animation-transform">
        <input semantic="INPUT" source="#mixamorig4_Spine2-Matrix-animation-input"/>
        <input semantic="OUTPUT" source="#mixamorig4_Spine2-Matrix-animation-output-transform"/>
        <input semantic="INTERPOLATION" source="#mixamorig4_Spine2-Interpolations"/>
      </sampler>
      <channel source="#mixamorig4_Spine2-Matrix-animation-transform" target="mixamorig4_Spine2/matrix"/>
    </animation>
    <animation id="mixamorig4_Neck-anim" name="mixamorig4_Neck">
      <source id="mixamorig4_Neck-Matrix-animation-input">
        <float_array id="mixamorig4_Neck-Matrix-animation-input-array" count="22">

0.000000 0.033333 0.066667 0.100000 0.133333 0.166667 0.200000 0.233333 0.266667 0.300000 0.333333 0.366667 0.400000 0.433333 0.466667 0.500000
0.533333 0.566667 0.600000 0.633333 0.666667 0.700000</float_array>
        <technique_common>
          <accessor source="#mixamorig4_Neck-Matrix-animation-input-array" count="22">
            <param name="TIME" type="float"/>
          </accessor>
        </technique_common>
      </source>
      <source id="mixamorig4_Neck-Matrix-animation-output-transform">
        <float_array id="mixamorig4_Neck-Matrix-animation-output-transform-array" count="352">

0.999970 0.004850 -0.005963 0.000000 -0.005037 0.999487 -0.031632 14.964400 0.005807 0.031661 0.999482 0.000000 0.000000 0.000000 0.000000 1.000000
0.999451 0.001539 -0.033081 0.000000 -0.002812 0.999256 -0.038467 14.964400 0.032998 0.038539 0.998712 -0.000000 0.000000 0.000000 0.000000 1.000000
0.998808 0.024033 -0.042475 0.000000 -0.026200 0.998344 -0.051210 14.964400 0.041174 0.052262 0.997784 0.000000 0.000000 0.000000 0.000000 1.000000
0.998440 0.001062 -0.055820 0.000000 -0.003959 0.998649 -0.051822 14.964400 0.055689 0.051962 0.997095 0.000000 0.000000 0.000000 0.000000 1.000000
0.997804 0.000383 -0.066231 -0.000000 -0.004488 0.998076 -0.061841 14.964400 0.066080 0.062002 0.995886 0.000000 0.000000 0.000000 0.000000 1.000000
0.997510 0.027251 -0.065054 0.000000 -0.032314 0.996422 -0.078100 14.964400 0.062693 0.080008 0.994821 0.000000 0.000000 0.000000 0.000000 1.000000
0.997994 0.017706 -0.060787 0.000000 -0.022311 0.996864 -0.075923 14.964400 0.059252 0.077127 0.995259 0.000000 0.000000 0.000000 0.000000 1.000000
0.998711 0.015572 -0.048306 0.000000 -0.019147 0.997042 -0.074440 14.964400 0.047004 0.075269 0.996055 -0.000000 0.000000 0.000000 0.000000 1.000000
0.999365 0.012953 -0.033180 -0.000000 -0.015217 0.997506 -0.068917 14.964400 0.032205 0.069378 0.997070 0.000000 0.000000 0.000000 0.000000 1.000000
0.999843 0.001727 -0.017623 0.000000 -0.002537 0.998938 -0.046001 14.964400 0.017525 0.046039 0.998786 -0.000000 0.000000 0.000000 0.000000 1.000000
0.999684 -0.025064 -0.001698 0.000000 0.024988 0.999059 -0.035451 14.964400 0.002585 0.035398 0.999370 0.000000 0.000000 0.000000 0.000000 1.000000
0.999763 -0.007244 0.020518 0.000000 0.008229 0.998796 -0.048359 14.964400 -0.020143 0.048517 0.998619 0.000000 0.000000 0.000000 0.000000 1.000000
0.998745 -0.035298 0.035540 0.000000 0.037267 0.997715 -0.056353 14.964400 -0.033470 0.057606 0.997778 0.000000 0.000000 0.000000 0.000000 1.000000
0.997978 -0.027544 0.057276 0.000000 0.030604 0.998111 -0.053265 14.964400 -0.055701 0.054910 0.996936 -0.000000 0.000000 0.000000 0.000000 1.000000
0.996738 0.001946 0.080686 0.000000 0.001521 0.999079 -0.042883 14.964400 -0.080695 0.042866 0.995817 -0.000000 0.000000 0.000000 0.000000 1.000000
0.996210 -0.012509 0.086080 -0.000000 0.017228 0.998376 -0.054304 14.964400 -0.085261 0.055582 0.994807 0.000000 0.000000 0.000000 0.000000 1.000000
0.995533 -0.045314 0.082830 0.000000 0.051731 0.995685 -0.077042 14.964400 -0.078982 0.080983 0.993581 0.000000 0.000000 0.000000 0.000000 1.000000
0.995363 -0.055968 0.078237 0.000000 0.061839 0.995284 -0.074742 14.964400 -0.073685 0.079234 0.994129 0.000000 0.000000 0.000000 0.000000 1.000000
0.996859 -0.033754 0.071638 0.000000 0.037620 0.997869 -0.053321 14.964400 -0.069686 0.055849 0.996004 0.000000 0.000000 0.000000 0.000000 1.000000
0.998311 -0.000334 0.058088 0.000000 0.002376 0.999382 -0.035076 14.964400 -0.058040 0.035155 0.997695 -0.000000 0.000000 0.000000 0.000000 1.000000
0.999499 0.008562 0.030467 -0.000000 -0.007565 0.999437 -0.032690 14.964400 -0.030730 0.032443 0.999001 0.000000 0.000000 0.000000 0.000000 1.000000
0.999970 0.004850 -0.005963 0.000000 -0.005037 0.999487 -0.031632 14.964400 0.005807 0.031661 0.999482 0.000000 0.000000 0.000000 0.000000 1.000000</float_array>
        <technique_common>
          <accessor source="#mixamorig4_Neck-Matrix-animation-output-transform-array" count="22" stride="16">
            <param type="float4x4"/>
          </accessor>
        </technique_common>
      </source>
      <source id="mixamorig4_Neck-Interpolations">
        <Name_array id="mixamorig4_Neck-Interpolations-array" count="22">
 LINEAR LINEAR LINEAR LINEAR LINEAR LINEAR LINEAR LINEAR LINEAR LINEAR LINEAR
LINEAR LINEAR LINEAR LINEAR LINEAR LINEAR LINEAR LINEAR LINEAR LINEAR LINEAR</Name_array>
        <technique_common>
          <accessor source="#mixamorig4_Neck-Interpolations-array" count="22">
            <param type="name"/>
          </accessor>
        </technique_common>
      </source>
      <sampler id="mixamorig4_Neck-Matrix-animation-transform">
        <input semantic="INPUT" source="#mixamorig4_Neck-Matrix-animation-input"/>
        <input semantic="OUTPUT" source="#mixamorig4_Neck-Matrix-animation-output-transform"/>
        <input semantic="INTERPOLATION" source="#mixamorig4_Neck-Interpolations"/>
      </sampler>
      <channel source="#mixamorig4_Neck-Matrix-animation-transform" target="mixamorig4_Neck/matrix"/>
    </animation>
    <animation id="mixamorig4_Head-anim" name="mixamorig4_Head">
      <source id="mixamorig4_Head-Matrix-animation-input">
        <float_array id="mixamorig4_Head-Matrix-animation-input-array" count="22">

0.000000 0.033333 0.066667 0.100000 0.133333 0.166667 0.200000 0.233333 0.266667 0.300000 0.333333 0.366667 0.400000 0.433333 0.466667 0.500000
0.533333 0.566667 0.600000 0.633333 0.666667 0.700000</float_array>
        <technique_common>
          <accessor source="#mixamorig4_Head-Matrix-animation-input-array" count="22">
            <param name="TIME" type="float"/>
          </accessor>
        </technique_common>
      </source>
      <source id="mixamorig4_Head-Matrix-animation-output-transform">
        <float_array id="mixamorig4_Head-Matrix-animation-output-transform-array" count="352">

0.999934 0.004092 0.010733 0.000000 -0.004517 0.999196 0.039837 7.468700 -0.010561 -0.039883 0.999149 2.577500 0.000000 0.000000 0.000000 1.000000
0.999872 0.003981 -0.015497 0.000000 -0.003491 0.999497 0.031534 7.468700 0.015615 -0.031476 0.999383 2.577500 0.000000 0.000000 0.000000 1.000000
0.999480 0.016725 -0.027567 0.000000 -0.016162 0.999659 0.020525 7.468700 0.027901 -0.020069 0.999409 2.577500 0.000000 0.000000 0.000000 1.000000
0.999237 -0.000899 -0.039038 -0.000000 0.001577 0.999849 0.017333 7.468700 0.039016 -0.017382 0.999087 2.577500 0.000000 0.000000 0.000000 1.000000
0.998795 -0.000697 -0.049067 0.000000 0.000938 0.999988 0.004888 7.468700 0.049063 -0.004928 0.998784 2.577500 0.000000 0.000000 0.000000 1.000000
0.998561 0.018987 -0.050158 0.000000 -0.019371 0.999787 -0.007185 7.468700 0.050011 0.008146 0.998715 2.577500 0.000000 0.000000 0.000000 1.000000
0.998911 0.011366 -0.045241 0.000000 -0.011653 0.999914 -0.006072 7.468700 0.045169 0.006593 0.998958 2.577500 0.000000 0.000000 0.000000 1.000000
0.999421 0.009002 -0.032824 0.000000 -0.009140 0.999950 -0.004054 7.468700 0.032786 0.004352 0.999453 2.577500 0.000000 0.000000 0.000000 1.000000
0.999822 0.006577 -0.017659 0.000000 -0.006551 0.999977 0.001564 7.468700 0.017669 -0.001448 0.999843 2.577500 0.000000 0.000000 0.000000 1.000000
0.999999 -0.000039 -0.001008 0.000000 0.000063 0.999717 0.023776 7.468700 0.001007 -0.023776 0.999717 2.577500 0.000000 0.000000 0.000000 1.000000
0.999677 -0.018788 0.017102 0.000000 0.018181 0.999222 0.034995 7.468700 -0.017746 -0.034673 0.999241 2.577500 0.000000 0.000000 0.000000 1.000000
0.999258 -0.009907 0.037216 -0.000000 0.009104 0.999724 0.021677 7.468700 -0.037421 -0.021323 0.999072 2.577500 0.000000 0.000000 0.000000 1.000000
0.998044 -0.030287 0.054696 -0.000000 0.029466 0.999442 0.015744 7.468700 -0.055142 -0.014101 0.998379 2.577500 0.000000 0.000000 0.000000 1.000000
0.996816 -0.026196 0.075309 0.000000 0.024931 0.999533 0.017687 7.468700 -0.075737 -0.015753 0.997003 2.577500 0.000000 0.000000 0.000000 1.000000
0.995410 -0.005710 0.095531 0.000000 0.003648 0.999757 0.021753 7.468700 -0.095632 -0.021305 0.995189 2.577500 0.000000 0.000000 0.000000 1.000000
0.994662 -0.016863 0.101797 -0.000000 0.015766 0.999809 0.011565 7.468700 -0.101973 -0.009899 0.994738 2.577500 0.000000 0.000000 0.000000 1.000000
0.994036 -0.040535 0.101240 0.000000 0.041012 0.999155 -0.002639 7.468700 -0.101048 0.006775 0.994859 2.577500 0.000000 0.000000 0.000000 1.000000
0.994086 -0.047561 0.097630 0.000000 0.047546 0.998866 0.002482 7.468700 -0.097637 0.002174 0.995220 2.577500 0.000000 0.000000 0.000000 1.000000
0.995519 -0.031048 0.089320 0.000000 0.029437 0.999380 0.019294 7.468700 -0.089864 -0.016578 0.995816 2.577500 0.000000 0.000000 0.000000 1.000000
0.997299 -0.005362 0.073253 0.000000 0.002848 0.999405 0.034370 7.468700 -0.073394 -0.034069 0.996721 2.577500 0.000000 0.000000 0.000000 1.000000
0.998965 0.001926 0.045451 -0.000000 -0.003655 0.999271 0.037998 7.468700 -0.045345 -0.038124 0.998244 2.577500 0.000000 0.000000 0.000000 1.000000
0.999934 0.004092 0.010733 0.000000 -0.004517 0.999196 0.039837 7.468700 -0.010561 -0.039883 0.999149 2.577500 0.000000 0.000000 0.000000 1.000000</float_array>
        <technique_common>
          <accessor source="#mixamorig4_Head-Matrix-animation-output-transform-array" count="22" stride="16">
            <param type="float4x4"/>
          </accessor>
        </technique_common>
      </source>
      <source id="mixamorig4_Head-Interpolations">
        <Name_array id="mixamorig4_Head-Interpolations-array" count="22">
 LINEAR LINEAR LINEAR LINEAR LINEAR LINEAR LINEAR LINEAR LINEAR LINEAR LINEAR
LINEAR LINEAR LINEAR LINEAR LINEAR LINEAR LINEAR LINEAR LINEAR LINEAR LINEAR</Name_array>
        <technique_common>
          <accessor source="#mixamorig4_Head-Interpolations-array" count="22">
            <param type="name"/>
          </accessor>
        </technique_common>
      </source>
      <sampler id="mixamorig4_Head-Matrix-animation-transform">
        <input semantic="INPUT" source="#mixamorig4_Head-Matrix-animation-input"/>
        <input semantic="OUTPUT" source="#mixamorig4_Head-Matrix-animation-output-transform"/>
        <input semantic="INTERPOLATION" source="#mixamorig4_Head-Interpolations"/>
      </sampler>
      <channel source="#mixamorig4_Head-Matrix-animation-transform" target="mixamorig4_Head/matrix"/>
    </animation>
    <animation id="mixamorig4_LeftShoulder-anim" name="mixamorig4_LeftShoulder">
      <source id="mixamorig4_LeftShoulder-Matrix-animation-input">
        <float_array id="mixamorig4_LeftShoulder-Matrix-animation-input-array" count="22">

0.000000 0.033333 0.066667 0.100000 0.133333 0.166667 0.200000 0.233333 0.266667 0.300000 0.333333 0.366667 0.400000 0.433333 0.466667 0.500000
0.533333 0.566667 0.600000 0.633333 0.666667 0.700000</float_array>
        <technique_common>
          <accessor source="#mixamorig4_LeftShoulder-Matrix-animation-input-array" count="22">
            <param name="TIME" type="float"/>
          </accessor>
        </technique_common>
      </source>
      <source id="mixamorig4_LeftShoulder-Matrix-animation-output-transform">
        <float_array id="mixamorig4_LeftShoulder-Matrix-animation-output-transform-array" count="352">

0.041261 0.906653 -0.419854 6.410900 0.014142 -0.420699 -0.907090 13.416600 -0.999048 0.031490 -0.030180 -0.094900 0.000000 0.000000 0.000000 1.000000
0.042152 0.915644 -0.399774 6.410900 0.013614 -0.400619 -0.916144 13.416600 -0.999018 0.033175 -0.029353 -0.094900 0.000000 0.000000 0.000000 1.000000
-0.000373 0.932117 -0.362158 6.410900 0.012214 -0.362127 -0.932049 13.416600 -0.999925 -0.004771 -0.011250 -0.094900 0.000000 0.000000 0.000000 1.000000
-0.038826 0.948309 -0.314963 6.410900 0.008619 -0.314872 -0.949095 13.416600 -0.999209 -0.039564 0.004052 -0.094900 0.000000 0.000000 0.000000 1.000000
-0.029136 0.967518 -0.251118 6.410900 0.005143 -0.251076 -0.967954 13.416600 -0.999562 -0.029494 0.002339 -0.094900 0.000000 0.000000 0.000000 1.000000
-0.021054 0.975437 -0.219269 6.410900 0.001962 -0.219277 -0.975661 13.416600 -0.999776 -0.020971 0.002703 -0.094900 0.000000 0.000000 0.000000 1.000000
-0.027588 0.976881 -0.211997 6.410900 -0.000235 -0.212084 -0.977251 13.416600 -0.999619 -0.026910 0.006080 -0.094900 0.000000 0.000000 0.000000 1.000000
-0.006760 0.971519 -0.236866 6.410900 0.006019 -0.236828 -0.971533 13.416600 -0.999959 -0.007994 -0.004247 -0.094900 0.000000 0.000000 0.000000 1.000000
0.043848 0.944570 -0.325370 6.410900 0.011867 -0.326153 -0.945243 13.416600 -0.998968 0.037585 -0.025510 -0.094900 0.000000 0.000000 0.000000 1.000000
0.106062 0.893832 -0.435679 6.410900 0.012475 -0.439312 -0.898248 13.416600 -0.994281 0.089835 -0.057745 -0.094900 0.000000 0.000000 0.000000 1.000000
0.120131 0.876647 -0.465895 6.410900 0.011403 -0.470481 -0.882337 13.416600 -0.992693 0.100684 -0.066516 -0.094900 0.000000 0.000000 0.000000 1.000000
0.132281 0.879402 -0.457333 6.410900 0.011069 -0.462669 -0.886462 13.416600 -0.991150 0.112200 -0.070936 -0.094900 0.000000 0.000000 0.000000 1.000000
0.160939 0.905352 -0.392983 6.410900 0.012164 -0.399963 -0.916450 13.416600 -0.986889 0.142712 -0.075383 -0.094900 0.000000 0.000000 0.000000 1.000000
0.136230 0.927674 -0.347653 6.410900 0.013734 -0.352660 -0.935651 13.416600 -0.990582 0.122689 -0.060784 -0.094900 0.000000 0.000000 0.000000 1.000000
0.094373 0.940552 -0.326277 6.410900 0.013303 -0.328902 -0.944271 13.416600 -0.995448 0.084773 -0.043552 -0.094900 0.000000 0.000000 0.000000 1.000000
0.071697 0.950110 -0.303564 6.410900 0.012526 -0.305181 -0.952212 13.416600 -0.997348 0.064469 -0.033782 -0.094900 0.000000 0.000000 0.000000 1.000000
0.062426 0.956568 -0.284745 6.410900 0.011921 -0.285996 -0.958157 13.416600 -0.997978 0.056419 -0.029256 -0.094900 0.000000 0.000000 0.000000 1.000000
0.064055 0.956007 -0.286264 6.410900 0.012032 -0.287572 -0.957683 13.416600 -0.997874 0.057900 -0.029923 -0.094900 0.000000 0.000000 0.000000 1.000000
0.058752 0.944687 -0.322667 6.410900 0.012332 -0.323887 -0.946015 13.416600 -0.998196 0.051601 -0.030679 -0.094900 0.000000 0.000000 0.000000 1.000000
0.059013 0.924113 -0.377535 6.410900 0.013162 -0.378881 -0.925352 13.416600 -0.998170 0.049638 -0.034522 -0.094900 0.000000 0.000000 0.000000 1.000000
0.038545 0.917192 -0.396577 6.410900 0.013613 -0.397317 -0.917581 13.416600 -0.999164 0.029970 -0.027800 -0.094900 0.000000 0.000000 0.000000 1.000000
0.041261 0.906653 -0.419853 6.410900 0.014141 -0.420699 -0.907090 13.416600 -0.999048 0.031490 -0.030180 -0.094900 0.000000 0.000000 0.000000 1.000000</float_array>
        <technique_common>
          <accessor source="#mixamorig4_LeftShoulder-Matrix-animation-output-transform-array" count="22" stride="16">
            <param type="float4x4"/>
          </accessor>
        </technique_common>
      </source>
      <source id="mixamorig4_LeftShoulder-Interpolations">
        <Name_array id="mixamorig4_LeftShoulder-Interpolations-array" count="22">
 LINEAR LINEAR LINEAR LINEAR LINEAR LINEAR LINEAR LINEAR LINEAR LINEAR LINEAR
LINEAR LINEAR LINEAR LINEAR LINEAR LINEAR LINEAR LINEAR LINEAR LINEAR LINEAR</Name_array>
        <technique_common>
          <accessor source="#mixamorig4_LeftShoulder-Interpolations-array" count="22">
            <param type="name"/>
          </accessor>
        </technique_common>
      </source>
      <sampler id="mixamorig4_LeftShoulder-Matrix-animation-transform">
        <input semantic="INPUT" source="#mixamorig4_LeftShoulder-Matrix-animation-input"/>
        <input semantic="OUTPUT" source="#mixamorig4_LeftShoulder-Matrix-animation-output-transform"/>
        <input semantic="INTERPOLATION" source="#mixamorig4_LeftShoulder-Interpolations"/>
      </sampler>
      <channel source="#mixamorig4_LeftShoulder-Matrix-animation-transform" target="mixamorig4_LeftShoulder/matrix"/>
    </animation>
    <animation id="mixamorig4_LeftArm-anim" name="mixamorig4_LeftArm">
      <source id="mixamorig4_LeftArm-Matrix-animation-input">
        <float_array id="mixamorig4_LeftArm-Matrix-animation-input-array" count="22">

0.000000 0.033333 0.066667 0.100000 0.133333 0.166667 0.200000 0.233333 0.266667 0.300000 0.333333 0.366667 0.400000 0.433333 0.466667 0.500000
0.533333 0.566667 0.600000 0.633333 0.666667 0.700000</float_array>
        <technique_common>
          <accessor source="#mixamorig4_LeftArm-Matrix-animation-input-array" count="22">
            <param name="TIME" type="float"/>
          </accessor>
        </technique_common>
      </source>
      <source id="mixamorig4_LeftArm-Matrix-animation-output-transform">
        <float_array id="mixamorig4_LeftArm-Matrix-animation-output-transform-array" count="352">

0.956665 0.226755 0.182688 0.000000 -0.038585 0.720561 -0.692317 13.818200 -0.288624 0.655266 0.698085 0.000000 0.000000 0.000000 0.000000 1.000000
0.928241 0.306274 0.211104 0.000000 -0.091346 0.737819 -0.668789 13.818200 -0.360589 0.601513 0.712851 0.000000 0.000000 0.000000 0.000000 1.000000
0.861621 0.399598 0.312940 0.000000 -0.115201 0.754443 -0.646176 13.818200 -0.494306 0.520708 0.696078 -0.000000 0.000000 0.000000 0.000000 1.000000
0.791084 0.453549 0.410462 0.000000 -0.128541 0.779283 -0.613348 13.818200 -0.598049 0.432449 0.674778 0.000000 0.000000 0.000000 0.000000 1.000000
0.713223 0.502611 0.488564 0.000000 -0.124187 0.776598 -0.617635 13.818200 -0.689848 0.379838 0.616306 0.000000 0.000000 0.000000 0.000000 1.000000
0.656015 0.550541 0.516284 0.000000 -0.140388 0.761119 -0.633237 13.818200 -0.741576 0.342933 0.576595 0.000000 0.000000 0.000000 0.000000 1.000000
0.644032 0.599643 0.475027 0.000000 -0.179552 0.722092 -0.668089 13.818200 -0.743629 0.344979 0.572718 -0.000000 0.000000 0.000000 0.000000 1.000000
0.682790 0.624376 0.379412 -0.000000 -0.221110 0.671541 -0.707208 13.818200 -0.696354 0.398983 0.596577 0.000000 0.000000 0.000000 0.000000 1.000000
0.781589 0.569683 0.254126 0.000000 -0.266403 0.673205 -0.689800 13.818200 -0.564046 0.471441 0.677935 0.000000 0.000000 0.000000 0.000000 1.000000
