<?xml version="1.0" encoding="utf-8"?>
<COLLADA xmlns="http://www.collada.org/2005/11/COLLADASchema" version="1.4.1">
  <asset>
    <contributor>
      <author>Mixamo</author>
      <authoring_tool>COLLADA Mixamo exporter</authoring_tool>
      <comments/>
    </contributor>
    <created>2025-11-13T15:19:56Z</created>
    <modified>2025-11-13T15:19:56Z</modified>
    <revision/>
    <title/>
    <unit meter="0.010000"/>
    <up_axis>Y_UP</up_axis>
  </asset>
  <library_animations>
    <animation id="mixamorig4_Hips-anim" name="mixamorig4_Hips">
      <source id="mixamorig4_Hips-Matrix-animation-input">
        <float_array id="mixamorig4_Hips-Matrix-animation-input-array" count="36">

0.000000 0.033333 0.066667 0.100000 0.133333 0.166667 0.200000 0.233333 0.266667 0.300000 0.333333 0.366667 0.400000 0.433333 0.466667 0.500000
0.533333 0.566667 0.600000 0.633333 0.666667 0.700000 0.733333 0.766667 0.800000 0.833333 0.866667 0.900000 0.933333 0.966667 1.000000 1.033333
1.066667 1.100000 1.133333 1.166667</float_array>
        <technique_common>
          <accessor source="#mixamorig4_Hips-Matrix-animation-input-array" count="36">
            <param name="TIME" type="float"/>
          </accessor>
        </technique_common>
      </source>
      <source id="mixamorig4_Hips-Matrix-animation-output-transform">
        <float_array id="mixamorig4_Hips-Matrix-animation-output-transform-array" count="576">

0.998393 -0.011695 0.055457 -0.029785 0.008434 0.998242 0.058667 97.433311 -0.056045 -0.058105 0.996736 -0.030326 0.000000 0.000000 0.000000 1.000000
0.999053 -0.024930 0.035659 -0.040689 0.023391 0.998804 0.042944 97.402420 -0.036687 -0.042069 0.998441 -0.210592 0.000000 0.000000 0.000000 1.000000
0.999326 -0.033347 0.015332 0.027334 0.032891 0.999036 0.029088 97.011261 -0.016288 -0.028564 0.999459 -0.381009 0.000000 0.000000 0.000000 1.000000
0.999459 -0.032622 0.004282 0.145992 0.032536 0.999293 0.018821 96.280418 -0.004893 -0.018671 0.999814 -0.013160 0.000000 0.000000 0.000000 1.000000
0.999669 -0.025676 0.001667 0.273016 0.025658 0.999622 0.009892 94.457504 -0.001920 -0.009846 0.999950 0.588109 0.000000 0.000000 0.000000 1.000000
0.999788 -0.019977 -0.005048 0.479009 0.020002 0.999788 0.004910 93.322250 0.004949 -0.005009 0.999975 1.256023 0.000000 0.000000 0.000000 1.000000
0.999516 -0.018221 -0.025200 0.788696 0.018360 0.999817 0.005307 92.694595 0.025099 -0.005767 0.999668 1.760071 0.000000 0.000000 0.000000 1.000000
0.998501 -0.022918 -0.049704 1.202399 0.023249 0.999711 0.006083 92.276909 0.049550 -0.007229 0.998745 1.985200 0.000000 0.000000 0.000000 1.000000
0.996871 -0.039084 -0.068707 1.759150 0.039828 0.999161 0.009505 92.050911 0.068278 -0.012212 0.997592 2.683304 0.000000 0.000000 0.000000 1.000000
0.994761 -0.059054 -0.083448 2.342680 0.060836 0.997967 0.018974 92.189537 0.082158 -0.023951 0.996331 4.123171 0.000000 0.000000 0.000000 1.000000
0.993612 -0.073625 -0.085524 2.790408 0.075809 0.996867 0.022568 92.208710 0.083594 -0.028907 0.996080 4.879535 0.000000 0.000000 0.000000 1.000000
0.994977 -0.078945 -0.061545 3.150724 0.080537 0.996467 0.023838 92.482597 0.059446 -0.028675 0.997820 5.322424 0.000000 0.000000 0.000000 1.000000
0.996712 -0.077620 -0.023253 3.487182 0.078348 0.996405 0.032219 93.228127 0.020669 -0.033935 0.999210 5.522035 0.000000 0.000000 0.000000 1.000000
0.997723 -0.066667 0.010204 3.738158 0.066200 0.996974 0.040740 94.203346 -0.012889 -0.039972 0.999118 5.545873 0.000000 0.000000 0.000000 1.000000
0.998137 -0.050502 0.034231 3.868067 0.048894 0.997730 0.046307 95.292816 -0.036491 -0.044547 0.998341 5.423058 0.000000 0.000000 0.000000 1.000000
0.997797 -0.040008 0.052911 3.928696 0.037484 0.998150 0.047872 96.316025 -0.054728 -0.045783 0.997451 5.143435 0.000000 0.000000 0.000000 1.000000
0.997007 -0.034716 0.069074 3.979591 0.031792 0.998570 0.042986 97.058365 -0.070468 -0.040661 0.996685 4.630072 0.000000 0.000000 0.000000 1.000000
0.995931 -0.031333 0.084497 3.989591 0.028238 0.998895 0.037578 97.316673 -0.085581 -0.035040 0.995715 4.015664 0.000000 0.000000 0.000000 1.000000
0.994385 -0.032469 0.100723 3.917174 0.029511 0.999092 0.030726 97.220787 -0.101629 -0.027581 0.994440 3.286481 0.000000 0.000000 0.000000 1.000000
0.992257 -0.037893 0.118283 3.818757 0.035661 0.999145 0.020931 96.846268 -0.118975 -0.016551 0.992759 2.441593 0.000000 0.000000 0.000000 1.000000
0.989914 -0.045889 0.134031 3.728746 0.045515 0.998946 0.005858 96.171783 -0.134159 0.000302 0.990960 1.558510 0.000000 0.000000 0.000000 1.000000
0.988351 -0.056272 0.141404 3.618161 0.058044 0.998278 -0.008433 95.287766 -0.140686 0.016542 0.989916 0.848763 0.000000 0.000000 0.000000 1.000000
0.987429 -0.066145 0.143560 3.428580 0.069007 0.997503 -0.015041 94.358192 -0.142207 0.024758 0.989527 0.422357 0.000000 0.000000 0.000000 1.000000
0.986468 -0.070126 0.148197 3.126900 0.073197 0.997199 -0.015366 93.463531 -0.146705 0.026005 0.988838 0.010218 0.000000 0.000000 0.000000 1.000000
0.986296 -0.064348 0.151921 2.678473 0.067311 0.997628 -0.014436 92.726562 -0.150632 0.024464 0.988287 -0.038034 0.000000 0.000000 0.000000 1.000000
0.986479 -0.049154 0.156343 2.193113 0.050966 0.998672 -0.007596 92.276688 -0.155762 0.015462 0.987674 0.453948 0.000000 0.000000 0.000000 1.000000
0.983950 -0.035629 0.174852 1.719231 0.034836 0.999364 0.007608 92.337151 -0.175012 -0.001395 0.984565 1.270654 0.000000 0.000000 0.000000 1.000000
0.979317 -0.021363 0.201202 1.098130 0.017912 0.999660 0.018960 92.487137 -0.201538 -0.014964 0.979366 2.237038 0.000000 0.000000 0.000000 1.000000
0.978487 -0.002066 0.206299 0.479631 -0.002828 0.999722 0.023427 92.716805 -0.206290 -0.023506 0.978209 2.991741 0.000000 0.000000 0.000000 1.000000
0.983755 0.012701 0.179065 0.104339 -0.019033 0.999251 0.033689 93.212143 -0.178503 -0.036550 0.983260 3.336395 0.000000 0.000000 0.000000 1.000000
0.988795 0.015782 0.148442 -0.123923 -0.022899 0.998663 0.046355 94.068642 -0.147512 -0.049234 0.987834 3.335724 0.000000 0.000000 0.000000 1.000000
0.991691 0.009950 0.128255 -0.250223 -0.017192 0.998311 0.055487 94.964447 -0.127486 -0.057231 0.990188 3.015560 0.000000 0.000000 0.000000 1.000000
0.993817 0.002781 0.110993 -0.285129 -0.009909 0.997919 0.063719 95.865784 -0.110585 -0.064425 0.991776 2.569361 0.000000 0.000000 0.000000 1.000000
0.995674 -0.001506 0.092904 -0.259069 -0.004630 0.997822 0.065795 96.626663 -0.092801 -0.065940 0.993499 1.900969 0.000000 0.000000 0.000000 1.000000
0.997283 -0.004727 0.073511 -0.156862 0.000039 0.997972 0.063652 97.229477 -0.073663 -0.063476 0.995261 1.016749 0.000000 0.000000 0.000000 1.000000
0.998393 -0.011695 0.055457 -0.029783 0.008434 0.998242 0.058667 97.433311 -0.056045 -0.058105 0.996736 -0.030326 0.000000 0.000000 0.000000 1.000000</float_array>
        <technique_common>
          <accessor source="#mixamorig4_Hips-Matrix-animation-output-transform-array" count="36" stride="16">
            <param type="float4x4"/>
          </accessor>
        </technique_common>
      </source>
      <source id="mixamorig4_Hips-Interpolations">
        <Name_array id="mixamorig4_Hips-Interpolations-array" count="36">
 LINEAR LINEAR LINEAR LINEAR LINEAR LINEAR LINEAR LINEAR LINEAR LINEAR LINEAR
LINEAR LINEAR LINEAR LINEAR LINEAR LINEAR LINEAR LINEAR LINEAR LINEAR LINEAR LINEAR
LINEAR LINEAR LINEAR LINEAR LINEAR LINEAR LINEAR LINEAR LINEAR LINEAR LINEAR LINEAR
LINEAR</Name_array>
        <technique_common>
          <accessor source="#mixamorig4_Hips-Interpolations-array" count="36">
            <param type="name"/>
          </accessor>
        </technique_common>
      </source>
      <sampler id="mixamorig4_Hips-Matrix-animation-transform">
        <input semantic="INPUT" source="#mixamorig4_Hips-Matrix-animation-input"/>
        <input semantic="OUTPUT" source="#mixamorig4_Hips-Matrix-animation-output-transform"/>
        <input semantic="INTERPOLATION" source="#mixamorig4_Hips-Interpolations"/>
      </sampler>
      <channel source="#mixamorig4_Hips-Matrix-animation-transform" target="mixamorig4_Hips/matrix"/>
    </animation>
    <animation id="mixamorig4_Spine-anim" name="mixamorig4_Spine">
      <source id="mixamorig4_Spine-Matrix-animation-input">
        <float_array id="mixamorig4_Spine-Matrix-animation-input-array" count="36">

0.000000 0.033333 0.066667 0.100000 0.133333 0.166667 0.200000 0.233333 0.266667 0.300000 0.333333 0.366667 0.400000 0.433333 0.466667 0.500000
0.533333 0.566667 0.600000 0.633333 0.666667 0.700000 0.733333 0.766667 0.800000 0.833333 0.866667 0.900000 0.933333 0.966667 1.000000 1.033333
1.066667 1.100000 1.133333 1.166667</float_array>
        <technique_common>
          <accessor source="#mixamorig4_Spine-Matrix-animation-input-array" count="36">
            <param name="TIME" type="float"/>
          </accessor>
        </technique_common>
      </source>
      <source id="mixamorig4_Spine-Matrix-animation-output-transform">
        <float_array id="mixamorig4_Spine-Matrix-animation-output-transform-array" count="576">

0.999934 -0.010229 0.005210 -0.000000 0.010247 0.999942 -0.003423 9.927700 -0.005175 0.003476 0.999981 -0.982900 0.000000 0.000000 0.000000 1.000000
0.999623 0.005243 0.026967 0.000000 -0.005344 0.999979 0.003670 9.927700 -0.026948 -0.003812 0.999630 -0.982900 0.000000 0.000000 0.000000 1.000000
0.998857 0.014940 0.045406 -0.000000 -0.015303 0.999854 0.007661 9.927700 -0.045285 -0.008347 0.998939 -0.982900 0.000000 0.000000 0.000000 1.000000
0.998236 0.015270 0.057372 0.000000 -0.015880 0.999822 0.010190 9.927700 -0.057207 -0.011083 0.998301 -0.982900 0.000000 0.000000 0.000000 1.000000
0.997933 0.011575 0.063206 0.000000 -0.013433 0.999487 0.029064 9.927700 -0.062837 -0.029853 0.997577 -0.982900 0.000000 0.000000 0.000000 1.000000
0.997143 0.009329 0.074956 0.000000 -0.012575 0.998998 0.042944 9.927700 -0.074480 -0.043764 0.996262 -0.982900 0.000000 0.000000 0.000000 1.000000
0.995472 0.010854 0.094436 0.000000 -0.014663 0.999103 0.039735 9.927700 -0.093920 -0.040939 0.994738 -0.982900 0.000000 0.000000 0.000000 1.000000
0.993288 0.018479 0.114182 -0.000000 -0.022570 0.999145 0.034637 9.927700 -0.113445 -0.036982 0.992856 -0.982900 0.000000 0.000000 0.000000 1.000000
0.990723 0.035704 0.131123 0.000000 -0.039641 0.998834 0.027536 9.927700 -0.129987 -0.032478 0.990984 -0.982900 0.000000 0.000000 0.000000 1.000000
0.988237 0.055866 0.142361 0.000000 -0.057947 0.998264 0.010506 9.927700 -0.141527 -0.018632 0.989759 -0.982900 0.000000 0.000000 0.000000 1.000000
0.987398 0.069831 0.142013 0.000000 -0.071065 0.997465 0.003629 9.927700 -0.141400 -0.013675 0.989858 -0.982900 0.000000 0.000000 0.000000 1.000000
0.989743 0.072358 0.123180 0.000000 -0.072791 0.997347 -0.000984 9.927700 -0.122925 -0.007992 0.992384 -0.982900 0.000000 0.000000 0.000000 1.000000
0.993689 0.064877 0.091505 0.000000 -0.064558 0.997893 -0.006444 9.927700 -0.091730 0.000496 0.995784 -0.982900 0.000000 0.000000 0.000000 1.000000
0.997114 0.047461 0.059253 0.000000 -0.047057 0.998859 -0.008201 9.927700 -0.059574 0.005389 0.998209 -0.982900 0.000000 0.000000 0.000000 1.000000
0.999120 0.027876 0.031355 0.000000 -0.027639 0.999586 -0.007991 9.927700 -0.031565 0.007117 0.999476 -0.982900 0.000000 0.000000 0.000000 1.000000
0.999854 0.015850 0.006310 0.000000 -0.015802 0.999846 -0.007584 9.927700 -0.006429 0.007483 0.999951 -0.982900 0.000000 0.000000 0.000000 1.000000
0.999825 0.008763 -0.016554 -0.000000 -0.008860 0.999944 -0.005817 9.927700 0.016502 0.005962 0.999846 -0.982900 0.000000 0.000000 0.000000 1.000000
0.999419 0.004334 -0.033811 0.000000 -0.004516 0.999976 -0.005296 9.927700 0.033787 0.005445 0.999414 -0.982900 0.000000 0.000000 0.000000 1.000000
0.998778 0.005577 -0.049109 0.000000 -0.005796 0.999974 -0.004312 9.927700 0.049083 0.004591 0.998784 -0.982900 0.000000 0.000000 0.000000 1.000000
0.997806 0.010082 -0.065434 0.000000 -0.010173 0.999948 -0.001061 9.927700 0.065420 0.001725 0.997856 -0.982900 0.000000 0.000000 0.000000 1.000000
0.996832 0.016264 -0.077860 0.000000 -0.015698 0.999846 0.007882 9.927700 0.077976 -0.006634 0.996933 -0.982900 0.000000 0.000000 0.000000 1.000000
0.996231 0.025487 -0.082907 0.000000 -0.023911 0.999515 0.019947 9.927700 0.083375 -0.017889 0.996358 -0.982900 0.000000 0.000000 0.000000 1.000000
0.995575 0.034597 -0.087366 0.000000 -0.032116 0.999044 0.029647 9.927700 0.088308 -0.026710 0.995735 -0.982900 0.000000 0.000000 0.000000 1.000000
0.994581 0.036918 -0.097185 0.000000 -0.034465 0.999047 0.026797 9.927700 0.098081 -0.023302 0.994906 -0.982900 0.000000 0.000000 0.000000 1.000000
0.993232 0.032594 -0.111482 0.000000 -0.029780 0.999197 0.026820 9.927700 0.112267 -0.023318 0.993404 -0.982900 0.000000 0.000000 0.000000 1.000000
0.991373 0.017692 -0.129874 0.000000 -0.014310 0.999535 0.026935 9.927700 0.130290 -0.024844 0.991165 -0.982900 0.000000 0.000000 0.000000 1.000000
0.988176 0.002232 -0.153308 0.000000 0.001227 0.999747 0.022463 9.927700 0.153319 -0.022386 0.987923 -0.982900 0.000000 0.000000 0.000000 1.000000
0.985238 -0.007570 -0.171024 0.000000 0.011848 0.999642 0.024007 9.927700 0.170781 -0.025679 0.984974 -0.982900 0.000000 0.000000 0.000000 1.000000
0.985253 -0.020150 -0.169916 -0.000000 0.024824 0.999368 0.025427 9.927700 0.169296 -0.029270 0.985130 -0.982900 0.000000 0.000000 0.000000 1.000000
0.988617 -0.033814 -0.146603 0.000000 0.036730 0.999177 0.017228 9.927700 0.145900 -0.022417 0.989045 -0.982900 0.000000 0.000000 0.000000 1.000000
0.992126 -0.036244 -0.119888 0.000000 0.037568 0.999255 0.008799 9.927700 0.119480 -0.013234 0.992748 -0.982900 0.000000 0.000000 0.000000 1.000000
0.994844 -0.029297 -0.097095 0.000000 0.029673 0.999557 0.002425 9.927700 0.096980 -0.005294 0.995272 -0.982900 0.000000 0.000000 0.000000 1.000000
0.997214 -0.022206 -0.071217 0.000000 0.022039 0.999752 -0.003129 9.927700 0.071269 0.001550 0.997456 -0.982900 0.000000 0.000000 0.000000 1.000000
0.998913 -0.018806 -0.042641 0.000000 0.018610 0.999814 -0.004988 9.927700 0.042726 0.004189 0.999078 -0.982900 0.000000 0.000000 0.000000 1.000000
0.999707 -0.016899 -0.017358 0.000000 0.016813 0.999846 -0.005128 9.927700 0.017442 0.004834 0.999836 -0.982900 0.000000 0.000000 0.000000 1.000000
0.999934 -0.010229 0.005210 -0.000000 0.010247 0.999942 -0.003423 9.927700 -0.005175 0.003476 0.999981 -0.982900 0.000000 0.000000 0.000000 1.000000</float_array>
        <technique_common>
          <accessor source="#mixamorig4_Spine-Matrix-animation-output-transform-array" count="36" stride="16">
            <param type="float4x4"/>
          </accessor>
        </technique_common>
      </source>
      <source id="mixamorig4_Spine-Interpolations">
        <Name_array id="mixamorig4_Spine-Interpolations-array" count="36">
 LINEAR LINEAR LINEAR LINEAR LINEAR LINEAR LINEAR LINEAR LINEAR LINEAR LINEAR
LINEAR LINEAR LINEAR LINEAR LINEAR LINEAR LINEAR LINEAR LINEAR LINEAR LINEAR LINEAR
LINEAR LINEAR LINEAR LINEAR LINEAR LINEAR LINEAR LINEAR LINEAR LINEAR LINEAR LINEAR
LINEAR</Name_array>
        <technique_common>
          <accessor source="#mixamorig4_Spine-Interpolations-array" count="36">
            <param type="name"/>
          </accessor>
        </technique_common>
      </source>
      <sampler id="mixamorig4_Spine-Matrix-animation-transform">
        <input semantic="INPUT" source="#mixamorig4_Spine-Matrix-animation-input"/>
        <input semantic="OUTPUT" source="#mixamorig4_Spine-Matrix-animation-output-transform"/>
        <input semantic="INTERPOLATION" source="#mixamorig4_Spine-Interpolations"/>
      </sampler>
      <channel source="#mixamorig4_Spine-Matrix-animation-transform" target="mixamorig4_Spine/matrix"/>
    </animation>
    <animation id="mixamorig4_Spine1-anim" name="mixamorig4_Spine1">
      <source id="mixamorig4_Spine1-Matrix-animation-input">
        <float_array id="mixamorig4_Spine1-Matrix-animation-input-array" count="36">

0.000000 0.033333 0.066667 0.100000 0.133333 0.166667 0.200000 0.233333 0.266667 0.300000 0.333333 0.366667 0.400000 0.433333 0.466667 0.500000
0.533333 0.566667 0.600000 0.633333 0.666667 0.700000 0.733333 0.766667 0.800000 0.833333 0.866667 0.900000 0.933333 0.966667 1.000000 1.033333
1.066667 1.100000 1.133333 1.166667</float_array>
        <technique_common>
          <accessor source="#mixamorig4_Spine1-Matrix-animation-input-array" count="36">
            <param name="TIME" type="float"/>
          </accessor>
        </technique_common>
      </source>
      <source id="mixamorig4_Spine1-Matrix-animation-output-transform">
        <float_array id="mixamorig4_Spine1-Matrix-animation-output-transform-array" count="576">

0.999990 -0.004205 0.001266 -0.000000 0.004219 0.999927 -0.011333 11.639000 -0.001219 0.011338 0.999935 -0.000000 0.000000 0.000000 0.000000 1.000000
0.999969 -0.002199 0.007521 -0.000000 0.002281 0.999938 -0.010935 11.639000 -0.007497 0.010951 0.999912 -0.000000 0.000000 0.000000 0.000000 1.000000
0.999918 -0.000926 0.012771 0.000000 0.001063 0.999941 -0.010802 11.639000 -0.012760 0.010814 0.999860 -0.000000 0.000000 0.000000 0.000000 1.000000
0.999870 -0.000984 0.016103 -0.000000 0.001159 0.999940 -0.010898 11.639000 -0.016091 0.010915 0.999811 -0.000000 0.000000 0.000000 0.000000 1.000000
0.999841 -0.002191 0.017716 0.000000 0.002503 0.999842 -0.017595 11.639000 -0.017675 0.017637 0.999688 0.000000 0.000000 0.000000 0.000000 1.000000
0.999776 -0.002500 0.021025 -0.000000 0.002956 0.999761 -0.021677 11.639000 -0.020966 0.021735 0.999544 0.000000 0.000000 0.000000 0.000000 1.000000
0.999648 -0.001834 0.026485 0.000000 0.002364 0.999797 -0.019990 11.639000 -0.026443 0.020045 0.999449 0.000000 0.000000 0.000000 0.000000 1.000000
0.999485 -0.001214 0.032059 0.000000 0.001770 0.999848 -0.017323 11.639000 -0.032033 0.017371 0.999336 0.000000 0.000000 0.000000 0.000000 1.000000
0.999314 0.001072 0.037027 0.000000 -0.000591 0.999916 -0.012978 11.639000 -0.037037 0.012947 0.999230 0.000000 0.000000 0.000000 0.000000 1.000000
0.999155 0.004968 0.040794 0.000000 -0.004678 0.999963 -0.007191 11.639000 -0.040828 0.006995 0.999142 -0.000000 0.000000 0.000000 0.000000 1.000000
0.999124 0.007177 0.041219 0.000000 -0.006968 0.999962 -0.005212 11.639000 -0.041255 0.004920 0.999137 0.000000 0.000000 0.000000 0.000000 1.000000
0.999310 0.008174 0.036224 0.000000 -0.008020 0.999958 -0.004387 11.639000 -0.036259 0.004094 0.999334 0.000000 0.000000 0.000000 0.000000 1.000000
0.999599 0.007929 0.027180 0.000000 -0.007791 0.999956 -0.005175 11.639000 -0.027220 0.004961 0.999617 0.000000 0.000000 0.000000 0.000000 1.000000
0.999830 0.005558 0.017605 0.000000 -0.005448 0.999966 -0.006257 11.639000 -0.017639 0.006160 0.999825 0.000000 0.000000 0.000000 0.000000 1.000000
0.999954 0.002523 0.009269 0.000000 -0.002458 0.999972 -0.007057 11.639000 -0.009286 0.007034 0.999932 0.000000 0.000000 0.000000 0.000000 1.000000
0.999998 0.000896 0.001962 0.000000 -0.000881 0.999972 -0.007428 11.639000 -0.001969 0.007427 0.999970 0.000000 0.000000 0.000000 0.000000 1.000000
0.999989 0.000765 -0.004530 0.000000 -0.000797 0.999974 -0.007131 11.639000 0.004524 0.007134 0.999964 0.000000 0.000000 0.000000 0.000000 1.000000
0.999956 0.000446 -0.009392 -0.000000 -0.000514 0.999973 -0.007313 11.639000 0.009389 0.007318 0.999929 0.000000 0.000000 0.000000 0.000000 1.000000
0.999907 0.000677 -0.013584 0.000000 -0.000784 0.999969 -0.007846 11.639000 0.013579 0.007856 0.999877 0.000000 0.000000 0.000000 0.000000 1.000000
0.999837 0.001956 -0.017974 0.000000 -0.002103 0.999964 -0.008167 11.639000 0.017958 0.008204 0.999805 -0.000000 0.000000 0.000000 0.000000 1.000000
0.999769 0.003075 -0.021286 0.000000 -0.003229 0.999969 -0.007199 11.639000 0.021263 0.007266 0.999748 0.000000 0.000000 0.000000 0.000000 1.000000
0.999739 0.003663 -0.022564 0.000000 -0.003841 0.999962 -0.007855 11.639000 0.022534 0.007939 0.999715 0.000000 0.000000 0.000000 0.000000 1.000000
0.999710 0.004050 -0.023729 0.000000 -0.004314 0.999929 -0.011097 11.639000 0.023683 0.011197 0.999657 0.000000 0.000000 0.000000 0.000000 1.000000
0.999642 0.004267 -0.026427 0.000000 -0.004553 0.999932 -0.010769 11.639000 0.026379 0.010885 0.999593 -0.000000 0.000000 0.000000 0.000000 1.000000
0.999527 0.003765 -0.030521 0.000000 -0.004106 0.999930 -0.011111 11.639000 0.030477 0.011231 0.999472 0.000000 0.000000 0.000000 0.000000 1.000000
0.999353 0.002025 -0.035903 -0.000000 -0.002381 0.999948 -0.009889 11.639000 0.035882 0.009968 0.999306 0.000000 0.000000 0.000000 0.000000 1.000000
0.999088 0.000117 -0.042699 0.000000 -0.000373 0.999982 -0.005966 11.639000 0.042698 0.005977 0.999070 -0.000000 0.000000 0.000000 0.000000 1.000000
0.998855 -0.000992 -0.047823 0.000000 0.000891 0.999997 -0.002132 11.639000 0.047825 0.002087 0.998854 0.000000 0.000000 0.000000 0.000000 1.000000
0.998853 -0.003155 -0.047768 0.000000 0.003119 0.999995 -0.000813 11.639000 0.047771 0.000664 0.998858 0.000000 0.000000 0.000000 0.000000 1.000000
0.999113 -0.006860 -0.041556 0.000000 0.006756 0.999974 -0.002636 11.639000 0.041573 0.002353 0.999133 0.000000 0.000000 0.000000 0.000000 1.000000
0.999384 -0.008368 -0.034088 0.000000 0.008202 0.999954 -0.004984 11.639000 0.034128 0.004701 0.999406 0.000000 0.000000 0.000000 0.000000 1.000000
0.999597 -0.007180 -0.027469 0.000000 0.006986 0.999950 -0.007149 11.639000 0.027519 0.006955 0.999597 0.000000 0.000000 0.000000 0.000000 1.000000
0.999783 -0.005581 -0.020049 0.000000 0.005398 0.999943 -0.009159 11.639000 0.020099 0.009048 0.999757 -0.000000 0.000000 0.000000 0.000000 1.000000
0.999916 -0.004743 -0.012025 -0.000000 0.004624 0.999940 -0.009900 11.639000 0.012072 0.009843 0.999879 0.000000 0.000000 0.000000 0.000000 1.000000
0.999977 -0.004557 -0.005019 0.000000 0.004503 0.999934 -0.010597 11.639000 0.005067 0.010574 0.999931 -0.000000 0.000000 0.000000 0.000000 1.000000
0.999990 -0.004205 0.001266 -0.000000 0.004219 0.999927 -0.011333 11.639000 -0.001219 0.011338 0.999935 0.000000 0.000000 0.000000 0.000000 1.000000</float_array>
        <technique_common>
          <accessor source="#mixamorig4_Spine1-Matrix-animation-output-transform-array" count="36" stride="16">
            <param type="float4x4"/>
          </accessor>
        </technique_common>
      </source>
      <source id="mixamorig4_Spine1-Interpolations">
        <Name_array id="mixamorig4_Spine1-Interpolations-array" count="36">
 LINEAR LINEAR LINEAR LINEAR LINEAR LINEAR LINEAR LINEAR LINEAR LINEAR LINEAR
LINEAR LINEAR LINEAR LINEAR LINEAR LINEAR LINEAR LINEAR LINEAR LINEAR LINEAR LINEAR
LINEAR LINEAR LINEAR LINEAR LINEAR LINEAR LINEAR LINEAR LINEAR LINEAR LINEAR LINEAR
LINEAR</Name_array>
        <technique_common>
          <accessor source="#mixamorig4_Spine1-Interpolations-array" count="36">
            <param type="name"/>
          </accessor>
        </technique_common>
      </source>
      <sampler id="mixamorig4_Spine1-Matrix-animation-transform">
        <input semantic="INPUT" source="#mixamorig4_Spine1-Matrix-animation-input"/>
        <input semantic="OUTPUT" source="#mixamorig4_Spine1-Matrix-animation-output-transform"/>
        <input semantic="INTERPOLATION" source="#mixamorig4_Spine1-Interpolations"/>
      </sampler>
      <channel source="#mixamorig4_Spine1-Matrix-animation-transform" target="mixamorig4_Spine1/matrix"/>
    </animation>
    <animation id="mixamorig4_Spine2-anim" name="mixamorig4_Spine2">
      <source id="mixamorig4_Spine2-Matrix-animation-input">
        <float_array id="mixamorig4_Spine2-Matrix-animation-input-array" count="36">

0.000000 0.033333 0.066667 0.100000 0.133333 0.166667 0.200000 0.233333 0.266667 0.300000 0.333333 0.366667 0.400000 0.433333 0.466667 0.500000
0.533333 0.566667 0.600000 0.633333 0.666667 0.700000 0.733333 0.766667 0.800000 0.833333 0.866667 0.900000 0.933333 0.966667 1.000000 1.033333
1.066667 1.100000 1.133333 1.166667</float_array>
        <technique_common>
          <accessor source="#mixamorig4_Spine2-Matrix-animation-input-array" count="36">
            <param name="TIME" type="float"/>
          </accessor>
        </technique_common>
      </source>
      <source id="mixamorig4_Spine2-Matrix-animation-output-transform">
        <float_array id="mixamorig4_Spine2-Matrix-animation-output-transform-array" count="576">

0.999990 -0.004202 0.001190 0.000000 0.004215 0.999927 -0.011336 13.301700 -0.001142 0.011341 0.999935 0.000000 0.000000 0.000000 0.000000 1.000000
0.999970 -0.002156 0.007453 0.000000 0.002238 0.999938 -0.010952 13.301700 -0.007429 0.010968 0.999912 -0.000000 0.000000 0.000000 0.000000 1.000000
0.999919 -0.000850 0.012706 0.000000 0.000988 0.999941 -0.010825 13.301700 -0.012696 0.010837 0.999861 0.000000 0.000000 0.000000 0.000000 1.000000
0.999871 -0.000885 0.016036 0.000000 0.001061 0.999940 -0.010931 13.301700 -0.016025 0.010946 0.999812 0.000000 0.000000 0.000000 0.000000 1.000000
0.999842 -0.002206 0.017662 -0.000000 0.002518 0.999842 -0.017617 13.301700 -0.017620 0.017659 0.999689 -0.000000 0.000000 0.000000 0.000000 1.000000
0.999777 -0.002609 0.020975 0.000000 0.003064 0.999760 -0.021696 13.301700 -0.020914 0.021755 0.999545 0.000000 0.000000 0.000000 0.000000 1.000000
0.999649 -0.001921 0.026436 0.000000 0.002451 0.999797 -0.020020 13.301700 -0.026393 0.020077 0.999450 0.000000 0.000000 0.000000 0.000000 1.000000
0.999487 -0.001279 0.032006 0.000000 0.001836 0.999848 -0.017364 13.301700 -0.031979 0.017414 0.999337 0.000000 0.000000 0.000000 0.000000 1.000000
0.999315 0.001086 0.036983 0.000000 -0.000606 0.999915 -0.013001 13.301700 -0.036994 0.012970 0.999231 0.000000 0.000000 0.000000 0.000000 1.000000
0.999155 0.005107 0.040772 0.000000 -0.004819 0.999963 -0.007168 13.301700 -0.040807 0.006965 0.999143 -0.000000 0.000000 0.000000 0.000000 1.000000
0.999122 0.007256 0.041254 0.000000 -0.007051 0.999962 -0.005118 13.301700 -0.041289 0.004822 0.999136 0.000000 0.000000 0.000000 0.000000 1.000000
0.999307 0.008223 0.036294 0.000000 -0.008073 0.999958 -0.004266 13.301700 -0.036328 0.003970 0.999332 -0.000000 0.000000 0.000000 0.000000 1.000000
0.999597 0.007987 0.027250 0.000000 -0.007851 0.999956 -0.005076 13.301700 -0.027290 0.004860 0.999616 0.000000 0.000000 0.000000 0.000000 1.000000
0.999829 0.005613 0.017639 0.000000 -0.005504 0.999966 -0.006214 13.301700 -0.017673 0.006116 0.999825 0.000000 0.000000 0.000000 0.000000 1.000000
0.999954 0.002558 0.009264 0.000000 -0.002493 0.999972 -0.007050 13.301700 -0.009282 0.007027 0.999932 0.000000 0.000000 0.000000 0.000000 1.000000
0.999998 0.000902 0.001945 0.000000 -0.000888 0.999972 -0.007428 13.301700 -0.001952 0.007426 0.999971 0.000000 0.000000 0.000000 0.000000 1.000000
0.999989 0.000744 -0.004534 0.000000 -0.000776 0.999974 -0.007132 13.301700 0.004528 0.007136 0.999964 0.000000 0.000000 0.000000 0.000000 1.000000
0.999956 0.000402 -0.009393 0.000000 -0.000470 0.999973 -0.007317 13.301700 0.009390 0.007321 0.999929 0.000000 0.000000 0.000000 0.000000 1.000000
0.999908 0.000606 -0.013583 0.000000 -0.000713 0.999969 -0.007856 13.301700 0.013577 0.007865 0.999877 -0.000000 0.000000 0.000000 0.000000 1.000000
0.999837 0.001855 -0.017957 0.000000 -0.002003 0.999964 -0.008201 13.301700 0.017941 0.008235 0.999805 0.000000 0.000000 0.000000 0.000000 1.000000
0.999770 0.002965 -0.021262 -0.000000 -0.003120 0.999969 -0.007258 13.301700 0.021240 0.007322 0.999748 -0.000000 0.000000 0.000000 0.000000 1.000000
0.999740 0.003608 -0.022527 0.000000 -0.003788 0.999961 -0.007940 13.301700 0.022497 0.008023 0.999715 -0.000000 0.000000 0.000000 0.000000 1.000000
0.999712 0.004086 -0.023665 0.000000 -0.004353 0.999928 -0.011212 13.301700 0.023617 0.011312 0.999657 0.000000 0.000000 0.000000 0.000000 1.000000
0.999643 0.004286 -0.026372 0.000000 -0.004575 0.999930 -0.010891 13.301700 0.026324 0.011008 0.999593 0.000000 0.000000 0.000000 0.000000 1.000000
0.999528 0.003769 -0.030479 0.000000 -0.004114 0.999928 -0.011238 13.301700 0.030435 0.011358 0.999472 0.000000 0.000000 0.000000 0.000000 1.000000
0.999354 0.001963 -0.035885 0.000000 -0.002323 0.999947 -0.009996 13.301700 0.035863 0.010072 0.999306 -0.000000 0.000000 0.000000 0.000000 1.000000
0.999088 -0.000041 -0.042689 0.000000 -0.000218 0.999982 -0.006050 13.301700 0.042689 0.006054 0.999070 -0.000000 0.000000 0.000000 0.000000 1.000000
0.998855 -0.001114 -0.047820 0.000000 0.001010 0.999997 -0.002195 13.301700 0.047822 0.002145 0.998854 0.000000 0.000000 0.000000 0.000000 1.000000
0.998852 -0.003229 -0.047784 0.000000 0.003194 0.999995 -0.000803 13.301700 0.047787 0.000650 0.998857 0.000000 0.000000 0.000000 0.000000 1.000000
0.999110 -0.006977 -0.041604 -0.000000 0.006879 0.999973 -0.002510 13.301700 0.041620 0.002222 0.999131 -0.000000 0.000000 0.000000 0.000000 1.000000
0.999380 -0.008524 -0.034153 0.000000 0.008363 0.999953 -0.004831 13.301700 0.034192 0.004543 0.999405 0.000000 0.000000 0.000000 0.000000 1.000000
0.999594 -0.007350 -0.027530 0.000000 0.007159 0.999950 -0.007039 13.301700 0.027580 0.006839 0.999596 0.000000 0.000000 0.000000 0.000000 1.000000
0.999781 -0.005736 -0.020104 0.000000 0.005554 0.999943 -0.009092 13.301700 0.020155 0.008978 0.999757 0.000000 0.000000 0.000000 0.000000 1.000000
0.999915 -0.004845 -0.012082 -0.000000 0.004726 0.999940 -0.009860 13.301700 0.012129 0.009802 0.999878 0.000000 0.000000 0.000000 0.000000 1.000000
0.999976 -0.004607 -0.005082 -0.000000 0.004553 0.999934 -0.010578 13.301700 0.005130 0.010555 0.999931 0.000000 0.000000 0.000000 0.000000 1.000000
0.999990 -0.004202 0.001190 0.000000 0.004215 0.999927 -0.011336 13.301700 -0.001142 0.011341 0.999935 0.000000 0.000000 0.000000 0.000000 1.000000</float_array>
        <technique_common>
          <accessor source="#mixamorig4_Spine2-Matrix-animation-output-transform-array" count="36" stride="16">
            <param type="float4x4"/>
          </accessor>
        </technique_common>
      </source>
      <source id="mixamorig4_Spine2-Interpolations">
        <Name_array id="mixamorig4_Spine2-Interpolations-array" count="36">
 LINEAR LINEAR LINEAR LINEAR LINEAR LINEAR LINEAR LINEAR LINEAR LINEAR LINEAR
LINEAR LINEAR LINEAR LINEAR LINEAR LINEAR LINEAR LINEAR LINEAR LINEAR LINEAR LINEAR
LINEAR LINEAR LINEAR LINEAR LINEAR LINEAR LINEAR LINEAR LINEAR LINEAR LINEAR LINEAR
LINEAR</Name_array>
        <technique_common>
          <accessor source="#mixamorig4_Spine2-Interpolations-array" count="36">
            <param type="name"/>
          </accessor>
        </technique_common>
      </source>
      <sampler id="mixamorig4_Spine2-Matrix-animation-transform">
        <input semantic="INPUT" source="#mixamorig4_Spine2-Matrix-animation-input"/>
        <input semantic="OUTPUT" source="#mixamorig4_Spine2-Matrix-animation-output-transform"/>
        <input semantic="INTERPOLATION" source="#mixamorig4_Spine2-Interpolations"/>
      </sampler>
      <channel source="#mixamorig4_Spine2-Matrix-animation-transform" target="mixamorig4_Spine2/matrix"/>
    </animation>
    <animation id="mixamorig4_Neck-anim" name="mixamorig4_Neck">
      <source id="mixamorig4_Neck-Matrix-animation-input">
        <float_array id="mixamorig4_Neck-Matrix-animation-input-array" count="36">

0.000000 0.033333 0.066667 0.100000 0.133333 0.166667 0.200000 0.233333 0.266667 0.300000 0.333333 0.366667 0.400000 0.433333 0.466667 0.500000
0.533333 0.566667 0.600000 0.633333 0.666667 0.700000 0.733333 0.766667 0.800000 0.833333 0.866667 0.900000 0.933333 0.966667 1.000000 1.033333
1.066667 1.100000 1.133333 1.166667</float_array>
        <technique_common>
          <accessor source="#mixamorig4_Neck-Matrix-animation-input-array" count="36">
            <param name="TIME" type="float"/>
          </accessor>
        </technique_common>
      </source>
      <source id="mixamorig4_Neck-Matrix-animation-output-transform">
        <float_array id="mixamorig4_Neck-Matrix-animation-output-transform-array" count="576">

0.999972 -0.001255 -0.007318 -0.000000 0.000656 0.996692 -0.081273 14.964400 0.007395 0.081266 0.996665 -0.000000 0.000000 0.000000 0.000000 1.000000
0.999963 -0.000847 -0.008543 0.000000 0.000156 0.996741 -0.080663 14.964400 0.008583 0.080659 0.996705 0.000000 0.000000 0.000000 0.000000 1.000000
0.999959 -0.000084 -0.009020 -0.000000 -0.000631 0.996860 -0.079182 14.964400 0.008998 0.079184 0.996819 0.000000 0.000000 0.000000 0.000000 1.000000
0.999952 0.000305 -0.009791 0.000000 -0.001065 0.996975 -0.077716 14.964400 0.009738 0.077723 0.996927 0.000000 0.000000 0.000000 0.000000 1.000000
0.999941 -0.000810 -0.010815 0.000000 -0.000018 0.997085 -0.076298 14.964400 0.010845 0.076294 0.997026 0.000000 0.000000 0.000000 0.000000 1.000000
0.999921 -0.002129 -0.012419 0.000000 0.001188 0.997163 -0.075257 14.964400 0.012544 0.075237 0.997087 0.000000 0.000000 0.000000 0.000000 1.000000
0.999895 -0.003405 -0.014115 0.000000 0.002359 0.997297 -0.073433 14.964400 0.014327 0.073392 0.997200 0.000000 0.000000 0.000000 0.000000 1.000000
0.999879 -0.003596 -0.015122 0.000000 0.002508 0.997447 -0.071362 14.964400 0.015340 0.071316 0.997336 0.000000 0.000000 0.000000 0.000000 1.000000
0.999868 -0.003425 -0.015881 -0.000000 0.002298 0.997512 -0.070458 14.964400 0.016083 0.070412 0.997388 -0.000000 0.000000 0.000000 0.000000 1.000000
0.999862 -0.003126 -0.016307 -0.000000 0.001974 0.997529 -0.070229 14.964400 0.016486 0.070187 0.997398 -0.000000 0.000000 0.000000 0.000000 1.000000
0.999871 -0.001938 -0.015928 -0.000000 0.000829 0.997593 -0.069333 14.964400 0.016024 0.069311 0.997466 -0.000000 0.000000 0.000000 0.000000 1.000000
0.999892 -0.000298 -0.014665 0.000000 -0.000712 0.997631 -0.068782 14.964400 0.014651 0.068785 0.997524 0.000000 0.000000 0.000000 0.000000 1.000000
0.999922 0.001850 -0.012317 0.000000 -0.002712 0.997520 -0.070336 14.964400 0.012156 0.070364 0.997447 0.000000 0.000000 0.000000 0.000000 1.000000
0.999947 0.003916 -0.009545 0.000000 -0.004606 0.997293 -0.073383 14.964400 0.009232 0.073423 0.997258 0.000000 0.000000 0.000000 0.000000 1.000000
0.999964 0.004460 -0.007263 0.000000 -0.005001 0.997066 -0.076381 14.964400 0.006901 0.076415 0.997052 0.000000 0.000000 0.000000 0.000000 1.000000
0.999977 0.004090 -0.005444 -0.000000 -0.004504 0.996915 -0.078366 14.964400 0.005107 0.078388 0.996910 0.000000 0.000000 0.000000 0.000000 1.000000
0.999985 0.003724 -0.004032 0.000000 -0.004030 0.996883 -0.078793 14.964400 0.003726 0.078808 0.996883 0.000000 0.000000 0.000000 0.000000 1.000000
0.999987 0.004084 -0.003118 0.000000 -0.004316 0.996917 -0.078347 14.964400 0.002788 0.078360 0.996921 0.000000 0.000000 0.000000 0.000000 1.000000
0.999987 0.004492 -0.002235 0.000000 -0.004651 0.997006 -0.077188 14.964400 0.001882 0.077198 0.997014 0.000000 0.000000 0.000000 0.000000 1.000000
0.999987 0.004942 -0.001176 -0.000000 -0.005017 0.997101 -0.075927 14.964400 0.000797 0.075932 0.997113 0.000000 0.000000 0.000000 0.000000 1.000000
0.999982 0.006059 -0.000344 -0.000000 -0.006068 0.997141 -0.075322 14.964400 -0.000113 0.075323 0.997159 0.000000 0.000000 0.000000 0.000000 1.000000
0.999974 0.007169 -0.000021 0.000000 -0.007151 0.997225 -0.074103 14.964400 -0.000510 0.074102 0.997251 0.000000 0.000000 0.000000 0.000000 1.000000
0.999971 0.007554 0.000502 0.000000 -0.007498 0.997349 -0.072375 14.964400 -0.001048 0.072369 0.997377 0.000000 0.000000 0.000000 0.000000 1.000000
0.999969 0.007600 0.001823 0.000000 -0.007453 0.997481 -0.070542 14.964400 -0.002354 0.070527 0.997507 0.000000 0.000000 0.000000 0.000000 1.000000
0.999976 0.006150 0.003160 0.000000 -0.005917 0.997600 -0.068985 14.964400 -0.003577 0.068965 0.997613 0.000000 0.000000 0.000000 0.000000 1.000000
0.999975 0.005281 0.004672 0.000000 -0.004946 0.997606 -0.068978 14.964400 -0.005025 0.068953 0.997607 0.000000 0.000000 0.000000 0.000000 1.000000
0.999960 0.006034 0.006600 0.000000 -0.005556 0.997513 -0.070265 14.964400 -0.007008 0.070225 0.997507 0.000000 0.000000 0.000000 0.000000 1.000000
0.999961 0.005288 0.007099 0.000000 -0.004767 0.997423 -0.071591 14.964400 -0.007459 0.071554 0.997409 0.000000 0.000000 0.000000 0.000000 1.000000
0.999973 0.004044 0.006169 0.000000 -0.003595 0.997466 -0.071051 14.964400 -0.006441 0.071027 0.997454 -0.000000 0.000000 0.000000 0.000000 1.000000
0.999980 0.004206 0.004654 0.000000 -0.003869 0.997525 -0.070203 14.964400 -0.004938 0.070183 0.997522 0.000000 0.000000 0.000000 0.000000 1.000000
0.999991 0.003134 0.002941 0.000000 -0.002916 0.997443 -0.071409 14.964400 -0.003157 0.071400 0.997443 -0.000000 0.000000 0.000000 0.000000 1.000000
0.999998 0.001497 0.001163 0.000000 -0.001408 0.997317 -0.073191 14.964400 -0.001269 0.073189 0.997317 0.000000 0.000000 0.000000 0.000000 1.000000
0.999999 0.000729 -0.000974 0.000000 -0.000800 0.997139 -0.075590 14.964400 0.000916 0.075590 0.997139 -0.000000 0.000000 0.000000 0.000000 1.000000
0.999993 0.000057 -0.003641 0.000000 -0.000344 0.996881 -0.078921 14.964400 0.003625 0.078921 0.996874 0.000000 0.000000 0.000000 0.000000 1.000000
0.999982 -0.000812 -0.005895 0.000000 0.000333 0.996718 -0.080949 14.964400 0.005942 0.080946 0.996701 0.000000 0.000000 0.000000 0.000000 1.000000
0.999972 -0.001256 -0.007318 0.000000 0.000657 0.996692 -0.081273 14.964400 0.007396 0.081266 0.996665 0.000000 0.000000 0.000000 0.000000 1.000000</float_array>
        <technique_common>
          <accessor source="#mixamorig4_Neck-Matrix-animation-output-transform-array" count="36" stride="16">
            <param type="float4x4"/>
          </accessor>
        </technique_common>
      </source>
      <source id="mixamorig4_Neck-Interpolations">
        <Name_array id="mixamorig4_Neck-Interpolations-array" count="36">
 LINEAR LINEAR LINEAR LINEAR LINEAR LINEAR LINEAR LINEAR LINEAR LINEAR LINEAR
LINEAR LINEAR LINEAR LINEAR LINEAR LINEAR LINEAR LINEAR LINEAR LINEAR LINEAR LINEAR
LINEAR LINEAR LINEAR LINEAR LINEAR LINEAR LINEAR LINEAR LINEAR LINEAR LINEAR LINEAR
LINEAR</Name_array>
        <technique_common>
          <accessor source="#mixamorig4_Neck-Interpolations-array" count="36">
            <param type="name"/>
          </accessor>
        </technique_common>
      </source>
      <sampler id="mixamorig4_Neck-Matrix-animation-transform">
        <input semantic="INPUT" source="#mixamorig4_Neck-Matrix-animation-input"/>
        <input semantic="OUTPUT" source="#mixamorig4_Neck-Matrix-animation-output-transform"/>
        <input semantic="INTERPOLATION" source="#mixamorig4_Neck-Interpolations"/>
      </sampler>
      <channel source="#mixamorig4_Neck-Matrix-animation-transform" target="mixamorig4_Neck/matrix"/>
    </animation>
    <animation id="mixamorig4_Head-anim" name="mixamorig4_Head">
      <source id="mixamorig4_Head-Matrix-animation-input">
        <float_array id="mixamorig4_Head-Matrix-animation-input-array" count="36">

0.000000 0.033333 0.066667 0.100000 0.133333 0.166667 0.200000 0.233333 0.266667 0.300000 0.333333 0.366667 0.400000 0.433333 0.466667 0.500000
0.533333 0.566667 0.600000 0.633333 0.666667 0.700000 0.733333 0.766667 0.800000 0.833333 0.866667 0.900000 0.933333 0.966667 1.000000 1.033333
1.066667 1.100000 1.133333 1.166667</float_array>
        <technique_common>
          <accessor source="#mixamorig4_Head-Matrix-animation-input-array" count="36">
            <param name="TIME" type="float"/>
          </accessor>
        </technique_common>
      </source>
      <source id="mixamorig4_Head-Matrix-animation-output-transform">
        <float_array id="mixamorig4_Head-Matrix-animation-output-transform-array" count="576">

0.999972 -0.001322 -0.007335 0.000000 0.001449 0.999849 0.017304 7.468700 0.007311 -0.017314 0.999823 2.577500 0.000000 0.000000 0.000000 1.000000
0.999963 -0.000881 -0.008578 -0.000000 0.001035 0.999839 0.017906 7.468700 0.008560 -0.017915 0.999803 2.577500 0.000000 0.000000 0.000000 1.000000
0.999959 -0.000094 -0.009073 -0.000000 0.000270 0.999812 0.019386 7.468700 0.009069 -0.019388 0.999771 2.577500 0.000000 0.000000 0.000000 1.000000
