<?xml version="1.0" encoding="utf-8"?>
<COLLADA xmlns="http://www.collada.org/2005/11/COLLADASchema" version="1.4.1">
  <asset>
    <contributor>
      <author>Mixamo</author>
      <authoring_tool>COLLADA Mixamo exporter</authoring_tool>
      <comments/>
    </contributor>
    <created>2025-10-31T03:13:11Z</created>
    <modified>2025-10-31T03:13:11Z</modified>
    <revision/>
    <title/>
    <unit meter="0.010000"/>
    <up_axis>Y_UP</up_axis>
  </asset>
  <library_animations>
    <animation id="mixamorig_Hips-anim" name="mixamorig_Hips">
      <source id="mixamorig_Hips-Matrix-animation-input">
        <float_array id="mixamorig_Hips-Matrix-animation-input-array" count="255">

0.000000 0.033333 0.066667 0.100000 0.133333 0.166667 0.200000 0.233333 0.266667 0.300000 0.333333 0.366667 0.400000 0.433333 0.466667 0.500000
0.533333 0.566667 0.600000 0.633333 0.666667 0.700000 0.733333 0.766667 0.800000 0.833333 0.866667 0.900000 0.933333 0.966667 1.000000 1.033333
1.066667 1.100000 1.133333 1.166667 1.200000 1.233333 1.266667 1.300000 1.333333 1.366667 1.400000 1.433333 1.466667 1.500000 1.533333 1.566667
1.600000 1.633333 1.666667 1.700000 1.733333 1.766667 1.800000 1.833333 1.866667 1.900000 1.933333 1.966667 2.000000 2.033333 2.066667 2.100000
2.133333 2.166667 2.200000 2.233333 2.266667 2.300000 2.333333 2.366667 2.400000 2.433333 2.466667 2.500000 2.533333 2.566667 2.600000 2.633333
2.666667 2.700000 2.733333 2.766667 2.800000 2.833333 2.866667 2.900000 2.933333 2.966667 3.000000 3.033333 3.066667 3.100000 3.133333 3.166667
3.200000 3.233333 3.266667 3.300000 3.333333 3.366667 3.400000 3.433333 3.466667 3.500000 3.533333 3.566667 3.600000 3.633333 3.666667 3.700000
3.733333 3.766667 3.800000 3.833333 3.866667 3.900000 3.933333 3.966667 4.000000 4.033333 4.066667 4.100000 4.133333 4.166667 4.200000 4.233333
4.266667 4.300000 4.333333 4.366667 4.400000 4.433333 4.466667 4.500000 4.533333 4.566667 4.600000 4.633333 4.666667 4.700000 4.733333 4.766667
4.800000 4.833333 4.866667 4.900000 4.933333 4.966667 5.000000 5.033333 5.066667 5.100000 5.133333 5.166667 5.200000 5.233333 5.266667 5.300000
5.333333 5.366667 5.400000 5.433333 5.466667 5.500000 5.533333 5.566667 5.600000 5.633333 5.666667 5.700000 5.733333 5.766667 5.800000 5.833333
5.866667 5.900000 5.933333 5.966667 6.000000 6.033333 6.066667 6.100000 6.133333 6.166667 6.200000 6.233333 6.266667 6.300000 6.333333 6.366667
6.400000 6.433333 6.466667 6.500000 6.533333 6.566667 6.600000 6.633333 6.666667 6.700000 6.733333 6.766667 6.800000 6.833333 6.866667 6.900000
6.933333 6.966667 7.000000 7.033333 7.066667 7.100000 7.133333 7.166667 7.200000 7.233333 7.266667 7.300000 7.333333 7.366667 7.400000 7.433333
7.466667 7.500000 7.533333 7.566667 7.600000 7.633333 7.666667 7.700000 7.733333 7.766667 7.800000 7.833333 7.866667 7.900000 7.933333 7.966667
8.000000 8.033333 8.066667 8.100000 8.133333 8.166667 8.200000 8.233333 8.266667 8.300000 8.333333 8.366667 8.400000 8.433333 8.466667</float_array>
        <technique_common>
          <accessor source="#mixamorig_Hips-Matrix-animation-input-array" count="255">
            <param name="TIME" type="float"/>
          </accessor>
        </technique_common>
      </source>
      <source id="mixamorig_Hips-Matrix-animation-output-transform">
        <float_array id="mixamorig_Hips-Matrix-animation-output-transform-array" count="4080">

0.995505 0.093452 -0.015407 0.493591 -0.088639 0.976569 0.196102 100.006271 0.033372 -0.193855 0.980462 0.758176 0.000000 0.000000 0.000000 1.000000
0.985737 0.108790 -0.128405 1.567348 -0.095880 0.990072 0.102783 101.651131 0.138312 -0.089005 0.986381 0.668960 0.000000 0.000000 0.000000 1.000000
0.963024 0.107822 -0.246898 3.012109 -0.106226 0.994145 0.019817 101.784874 0.247589 0.007142 0.968839 -0.208175 0.000000 0.000000 0.000000 1.000000
0.933992 0.111891 -0.339321 4.850492 -0.120115 0.992755 -0.003260 100.818146 0.336497 0.043803 0.940665 -1.573691 0.000000 0.000000 0.000000 1.000000
0.915302 0.136031 -0.379102 7.032357 -0.134650 0.990430 0.030290 99.862404 0.379594 0.023321 0.924859 -2.019783 0.000000 0.000000 0.000000 1.000000
0.903699 0.161595 -0.396504 9.262992 -0.135379 0.986377 0.093445 98.976601 0.406203 -0.030767 0.913265 -1.241227 0.000000 0.000000 0.000000 1.000000
0.881857 0.188911 -0.432020 11.403359 -0.128945 0.977927 0.164414 97.781120 0.453544 -0.089283 0.886750 -0.061485 0.000000 0.000000 0.000000 1.000000
0.877838 0.200502 -0.434970 13.066088 -0.126078 0.972865 0.194003 97.743126 0.462065 -0.115463 0.879297 0.645181 0.000000 0.000000 0.000000 1.000000
0.918207 0.177820 -0.353942 14.059628 -0.129930 0.979341 0.154951 98.347725 0.374183 -0.096289 0.922342 0.737492 0.000000 0.000000 0.000000 1.000000
0.964828 0.129166 -0.228960 14.337718 -0.114806 0.990551 0.075024 100.187447 0.236487 -0.046099 0.970540 0.120800 0.000000 0.000000 0.000000 1.000000
0.994289 0.065011 -0.084639 14.049307 -0.068778 0.996732 -0.042372 101.512833 0.081608 0.047952 0.995510 -0.380057 0.000000 0.000000 0.000000 1.000000
0.998113 0.016315 0.059194 13.670696 -0.010966 0.995918 -0.089590 101.725342 -0.060414 0.088771 0.994218 -1.252221 0.000000 0.000000 0.000000 1.000000
0.986773 -0.038086 0.157571 12.623163 0.047964 0.997083 -0.059366 100.621483 -0.154851 0.066139 0.985722 -2.295531 0.000000 0.000000 0.000000 1.000000
0.973678 -0.094332 0.207490 10.811472 0.095192 0.995442 0.005855 98.677391 -0.207096 0.014050 0.978220 -2.537675 0.000000 0.000000 0.000000 1.000000
0.958542 -0.111818 0.262096 9.076494 0.087629 0.990890 0.102266 96.027420 -0.271144 -0.075058 0.959608 -2.194709 0.000000 0.000000 0.000000 1.000000
0.945086 -0.114671 0.306045 7.324967 0.046171 0.973880 0.222320 94.127167 -0.323545 -0.195981 0.925694 -1.645463 0.000000 0.000000 0.000000 1.000000
0.933868 -0.108522 0.340754 5.110488 -0.000885 0.952140 0.305660 93.362244 -0.357616 -0.285748 0.889077 -1.279522 0.000000 0.000000 0.000000 1.000000
0.931777 -0.084559 0.353046 3.316009 -0.034581 0.947399 0.318180 93.608345 -0.361380 -0.308681 0.879841 -1.382500 0.000000 0.000000 0.000000 1.000000
0.943491 -0.061390 0.325662 1.917856 -0.039377 0.954964 0.294098 94.931335 -0.329050 -0.290302 0.898583 -2.285680 0.000000 0.000000 0.000000 1.000000
0.971007 -0.013195 0.238686 1.542316 -0.036588 0.978508 0.202936 97.016693 -0.236234 -0.205785 0.949656 -3.477131 0.000000 0.000000 0.000000 1.000000
0.992423 0.036315 0.117383 2.189521 -0.044598 0.996638 0.068731 99.256386 -0.114492 -0.073445 0.990706 -4.159625 0.000000 0.000000 0.000000 1.000000
0.997436 0.067773 -0.023004 3.143133 -0.069127 0.995530 -0.064358 100.537575 0.018539 0.065783 0.997662 -4.637295 0.000000 0.000000 0.000000 1.000000
0.983347 0.086119 -0.160035 4.401865 -0.107467 0.985684 -0.129918 100.569801 0.146556 0.144953 0.978524 -4.965578 0.000000 0.000000 0.000000 1.000000
0.952001 0.117694 -0.282563 6.306085 -0.147027 0.985483 -0.084883 99.454353 0.268470 0.122354 0.955486 -4.992202 0.000000 0.000000 0.000000 1.000000
0.898356 0.172557 -0.403955 8.910159 -0.175277 0.984045 0.030554 97.632858 0.402783 0.043355 0.914268 -3.814340 0.000000 0.000000 0.000000 1.000000
0.812327 0.231453 -0.535308 11.605328 -0.174216 0.972270 0.156012 96.050362 0.556573 -0.033474 0.830124 -1.854980 0.000000 0.000000 0.000000 1.000000
0.727006 0.260704 -0.635213 13.652164 -0.135169 0.961352 0.239856 95.598953 0.673195 -0.088516 0.734148 0.028305 0.000000 0.000000 0.000000 1.000000
0.685842 0.272518 -0.674800 15.415261 -0.089261 0.951740 0.293638 96.244888 0.722256 -0.141156 0.677068 1.430457 0.000000 0.000000 0.000000 1.000000
0.726100 0.252997 -0.639353 16.729412 -0.068541 0.951847 0.298813 97.752350 0.684165 -0.173146 0.708476 2.027798 0.000000 0.000000 0.000000 1.000000
0.821020 0.183960 -0.540449 17.206831 -0.064349 0.970449 0.232569 99.436813 0.567261 -0.156166 0.808596 1.772552 0.000000 0.000000 0.000000 1.000000
0.916120 0.100039 -0.388221 17.133482 -0.054834 0.990533 0.125851 101.154160 0.397135 -0.094007 0.912933 0.904099 0.000000 0.000000 0.000000 1.000000
0.979975 0.035369 -0.195956 16.563950 -0.036300 0.999340 -0.001162 102.238213 0.195786 0.008252 0.980612 -0.154273 0.000000 0.000000 0.000000 1.000000
0.999800 0.001141 -0.019967 15.371969 -0.002292 0.998332 -0.057689 102.369888 0.019868 0.057723 0.998135 -1.750551 0.000000 0.000000 0.000000 1.000000
0.994743 -0.022497 0.099900 13.166947 0.028386 0.997917 -0.057926 101.137100 -0.098389 0.060457 0.993310 -3.261082 0.000000 0.000000 0.000000 1.000000
0.988671 -0.050453 0.141363 9.868011 0.050758 0.998710 0.001449 99.454819 -0.141254 0.005743 0.989957 -4.069241 0.000000 0.000000 0.000000 1.000000
0.989739 -0.046685 0.135045 6.945263 0.032884 0.994171 0.102681 97.726334 -0.139051 -0.097187 0.985505 -4.330756 0.000000 0.000000 0.000000 1.000000
0.991008 -0.037323 0.128489 4.373372 0.011400 0.980368 0.196849 96.397308 -0.133314 -0.193614 0.971978 -3.896917 0.000000 0.000000 0.000000 1.000000
0.983598 -0.046379 0.174309 2.289547 -0.004396 0.959927 0.280215 95.586380 -0.180320 -0.276386 0.943979 -3.780473 0.000000 0.000000 0.000000 1.000000
0.978115 -0.047019 0.202683 1.145560 -0.018087 0.951230 0.307953 95.358147 -0.207278 -0.304879 0.929562 -3.908468 0.000000 0.000000 0.000000 1.000000
0.987808 -0.046901 0.148441 0.588710 0.002145 0.957546 0.288271 96.398216 -0.155659 -0.284438 0.945973 -4.224159 0.000000 0.000000 0.000000 1.000000
0.995242 -0.031702 0.092128 1.111422 0.011963 0.978188 0.207377 98.222549 -0.096693 -0.205289 0.973913 -4.434134 0.000000 0.000000 0.000000 1.000000
0.999115 -0.015063 0.039272 2.175219 0.011941 0.996837 0.078574 99.856583 -0.040332 -0.078035 0.996134 -4.825920 0.000000 0.000000 0.000000 1.000000
0.999539 0.003186 -0.030198 3.726388 -0.005022 0.998129 -0.060938 100.237991 0.029948 0.061062 0.997685 -5.663851 0.000000 0.000000 0.000000 1.000000
0.994896 0.020164 -0.098867 5.816235 -0.037097 0.984301 -0.172556 98.869675 0.093836 0.175343 0.980025 -6.399987 0.000000 0.000000 0.000000 1.000000
0.990418 0.035303 -0.133517 8.430500 -0.056886 0.985236 -0.161471 96.075798 0.125845 0.167519 0.977804 -7.144694 0.000000 0.000000 0.000000 1.000000
0.989840 0.040144 -0.136403 11.205705 -0.047071 0.997741 -0.047939 92.284798 0.134170 0.053872 0.989493 -6.890165 0.000000 0.000000 0.000000 1.000000
0.984101 0.056510 -0.168381 13.827129 -0.043727 0.995940 0.078685 88.765709 0.172144 -0.070071 0.982576 -5.141397 0.000000 0.000000 0.000000 1.000000
0.973684 0.068980 -0.217214 15.825798 -0.019713 0.975014 0.221269 87.070282 0.227050 -0.211164 0.950715 -3.465884 0.000000 0.000000 0.000000 1.000000
0.969093 0.081540 -0.232832 17.389252 -0.000391 0.944303 0.329077 87.501862 0.246697 -0.318815 0.915149 -2.296411 0.000000 0.000000 0.000000 1.000000
0.975698 0.091321 -0.199185 18.519241 -0.014663 0.934189 0.356477 89.816299 0.218630 -0.344893 0.912825 -1.622616 0.000000 0.000000 0.000000 1.000000
0.982632 0.099999 -0.156313 18.728363 -0.049581 0.953235 0.298136 93.011681 0.178816 -0.285208 0.941637 -1.888356 0.000000 0.000000 0.000000 1.000000
0.993691 0.073959 -0.084307 17.637480 -0.056689 0.979869 0.191424 96.321327 0.096768 -0.185437 0.977880 -3.181449 0.000000 0.000000 0.000000 1.000000
0.998981 0.019457 0.040712 15.653604 -0.020194 0.999638 0.017762 97.877762 -0.040352 -0.018566 0.999013 -5.012289 0.000000 0.000000 0.000000 1.000000
0.982350 -0.043250 0.181986 12.980505 0.073768 0.983627 -0.164429 97.002502 -0.171895 0.174951 0.969456 -6.322976 0.000000 0.000000 0.000000 1.000000
0.951652 -0.119567 0.282954 9.533788 0.183223 0.960283 -0.210445 94.150146 -0.246553 0.252113 0.935762 -7.002891 0.000000 0.000000 0.000000 1.000000
0.942064 -0.168109 0.290266 6.638644 0.205166 0.973384 -0.102129 89.142357 -0.265371 0.155765 0.951481 -7.702581 0.000000 0.000000 0.000000 1.000000
0.957327 -0.183956 0.222900 4.554311 0.165196 0.981154 0.100238 84.015961 -0.237139 -0.059139 0.969674 -7.836723 0.000000 0.000000 0.000000 1.000000
0.972603 -0.154469 0.173733 3.292066 0.120740 0.974272 0.190305 80.853951 -0.198659 -0.164114 0.966230 -6.382133 0.000000 0.000000 0.000000 1.000000
0.983375 -0.124801 0.131906 2.176052 0.089117 0.964587 0.248254 80.713577 -0.158217 -0.232371 0.959672 -5.229746 0.000000 0.000000 0.000000 1.000000
0.989835 -0.108360 0.092115 1.435693 0.081597 0.963170 0.256212 83.119995 -0.116485 -0.246091 0.962222 -4.538600 0.000000 0.000000 0.000000 1.000000
0.991934 -0.102824 0.074124 1.491865 0.085995 0.975514 0.202428 86.818329 -0.093124 -0.194421 0.976488 -4.311641 0.000000 0.000000 0.000000 1.000000
0.995986 -0.076497 0.046469 2.862578 0.070621 0.990607 0.117089 90.456482 -0.054990 -0.113338 0.992034 -4.258139 0.000000 0.000000 0.000000 1.000000
0.999112 -0.021105 -0.036475 4.688533 0.020946 0.999769 -0.004730 92.718987 0.036566 0.003962 0.999323 -4.091236 0.000000 0.000000 0.000000 1.000000
0.992230 0.031157 -0.120455 6.452045 -0.046289 0.991084 -0.124943 92.524780 0.115488 0.129548 0.984825 -3.950046 0.000000 0.000000 0.000000 1.000000
0.983883 0.079473 -0.160182 8.240523 -0.107179 0.979157 -0.172524 89.516197 0.143133 0.186912 0.971894 -4.379576 0.000000 0.000000 0.000000 1.000000
0.975161 0.126799 -0.181614 9.759815 -0.147710 0.983267 -0.106621 84.696915 0.165055 0.130799 0.977573 -5.469012 0.000000 0.000000 0.000000 1.000000
0.966761 0.149797 -0.207207 10.853188 -0.152583 0.988287 0.002564 80.273560 0.205164 0.029138 0.978294 -5.563478 0.000000 0.000000 0.000000 1.000000
0.967318 0.122089 -0.222240 11.413527 -0.095345 0.987263 0.127363 78.048141 0.234959 -0.102011 0.966638 -5.007301 0.000000 0.000000 0.000000 1.000000
0.970098 0.114872 -0.213809 12.015648 -0.078303 0.981931 0.172277 78.198334 0.229736 -0.150384 0.961564 -4.382086 0.000000 0.000000 0.000000 1.000000
0.972752 0.128088 -0.193253 12.560944 -0.102531 0.985260 0.136930 81.269379 0.207943 -0.113385 0.971547 -4.623214 0.000000 0.000000 0.000000 1.000000
0.976987 0.124081 -0.173493 11.989139 -0.120150 0.992206 0.033020 83.900978 0.176238 -0.011415 0.984281 -5.094094 0.000000 0.000000 0.000000 1.000000
0.989618 0.091356 -0.110955 10.204727 -0.103884 0.988156 -0.112945 85.139679 0.099323 0.123299 0.987387 -5.862922 0.000000 0.000000 0.000000 1.000000
0.998329 0.055657 -0.015525 8.071185 -0.057782 0.961322 -0.269297 84.114265 -0.000063 0.269744 0.962932 -6.667360 0.000000 0.000000 0.000000 1.000000
0.998420 -0.001401 0.056178 5.312146 0.023090 0.921635 -0.387369 80.525574 -0.051233 0.388054 0.920211 -6.656875 0.000000 0.000000 0.000000 1.000000
0.995155 -0.051991 0.083442 2.981356 0.081472 0.911154 -0.403932 75.802681 -0.055028 0.408773 0.910976 -6.755336 0.000000 0.000000 0.000000 1.000000
0.992941 -0.088333 0.079155 1.268175 0.109875 0.936373 -0.333365 71.268997 -0.044671 0.339709 0.939469 -6.935715 0.000000 0.000000 0.000000 1.000000
0.992327 -0.110288 0.055895 0.119814 0.120743 0.961725 -0.245980 67.798187 -0.026627 0.250841 0.967662 -6.571270 0.000000 0.000000 0.000000 1.000000
0.991083 -0.132588 0.013226 -0.778361 0.133232 0.987539 -0.083758 67.099884 -0.001956 0.084773 0.996398 -6.915874 0.000000 0.000000 0.000000 1.000000
0.988184 -0.151688 -0.021982 -1.981699 0.152244 0.987992 0.026333 69.116539 0.017723 -0.029369 0.999412 -7.255855 0.000000 0.000000 0.000000 1.000000
0.984988 -0.172605 -0.002619 -2.895388 0.172587 0.984342 0.035846 72.496269 -0.003609 -0.035760 0.999354 -7.272757 0.000000 0.000000 0.000000 1.000000
0.986233 -0.165361 -0.000297 -2.662051 0.165320 0.985944 0.024162 77.945755 -0.003703 -0.023879 0.999708 -7.769207 0.000000 0.000000 0.000000 1.000000
0.987612 -0.145069 -0.059819 -1.363283 0.142194 0.988584 -0.049827 79.631561 0.066365 0.040704 0.996965 -7.953179 0.000000 0.000000 0.000000 1.000000
0.986214 -0.110608 -0.123073 0.206169 0.089428 0.982063 -0.165996 80.244545 0.139226 0.152702 0.978416 -8.086962 0.000000 0.000000 0.000000 1.000000
0.983216 -0.043525 -0.177177 2.484373 -0.010893 0.955389 -0.295149 79.092819 0.182119 0.292125 0.938880 -7.902176 0.000000 0.000000 0.000000 1.000000
0.964696 0.039889 -0.260328 5.017268 -0.137176 0.919899 -0.367380 76.050140 0.224821 0.390120 0.892895 -7.467022 0.000000 0.000000 0.000000 1.000000
0.936860 0.101267 -0.334720 7.477537 -0.219618 0.915238 -0.337799 72.778709 0.272141 0.389981 0.879690 -7.192138 0.000000 0.000000 0.000000 1.000000
0.926972 0.159307 -0.339624 9.735267 -0.265353 0.918405 -0.293461 71.424263 0.265162 0.362151 0.893609 -6.694445 0.000000 0.000000 0.000000 1.000000
0.933974 0.212015 -0.287648 11.801997 -0.287666 0.923641 -0.253251 72.297455 0.211991 0.319276 0.923646 -6.035048 0.000000 0.000000 0.000000 1.000000
0.932873 0.249119 -0.260168 13.761735 -0.306849 0.927901 -0.211761 75.385544 0.188656 0.277378 0.942056 -5.724089 0.000000 0.000000 0.000000 1.000000
0.926219 0.256519 -0.276254 15.070640 -0.319028 0.923761 -0.211863 79.320534 0.200846 0.284364 0.937442 -5.661705 0.000000 0.000000 0.000000 1.000000
0.936167 0.228055 -0.267547 15.012360 -0.293582 0.925801 -0.238122 82.113922 0.193391 0.301469 0.933657 -5.722377 0.000000 0.000000 0.000000 1.000000
0.959819 0.176564 -0.218111 14.355397 -0.233391 0.933822 -0.271119 83.095230 0.155807 0.311131 0.937508 -5.802979 0.000000 0.000000 0.000000 1.000000
0.983093 0.112011 -0.144854 13.440758 -0.151697 0.941260 -0.301691 81.806854 0.102553 0.318564 0.942337 -5.705999 0.000000 0.000000 0.000000 1.000000
0.995924 0.024435 -0.086824 11.833882 -0.051519 0.944234 -0.325219 78.440506 0.074035 0.328366 0.941645 -5.793260 0.000000 0.000000 0.000000 1.000000
0.996501 -0.057790 -0.060384 9.813296 0.031929 0.930864 -0.363967 74.572586 0.077243 0.360765 0.929453 -6.007537 0.000000 0.000000 0.000000 1.000000
0.995411 -0.095077 -0.010824 7.997562 0.082909 0.913387 -0.398560 72.120995 0.047780 0.395834 0.917078 -5.826493 0.000000 0.000000 0.000000 1.000000
0.990686 -0.134003 0.024195 5.768703 0.132437 0.906879 -0.400039 70.751251 0.031664 0.399517 0.916179 -5.725729 0.000000 0.000000 0.000000 1.000000
0.987270 -0.156002 0.030994 3.702243 0.157027 0.925018 -0.345954 71.355438 0.025299 0.346417 0.937739 -5.826905 0.000000 0.000000 0.000000 1.000000
0.983970 -0.173502 0.041237 1.892256 0.178145 0.945576 -0.272305 73.834953 0.008253 0.275286 0.961327 -5.927138 0.000000 0.000000 0.000000 1.000000
0.987156 -0.153871 0.042964 0.632312 0.159757 0.950990 -0.264758 77.244705 -0.000120 0.268221 0.963357 -5.818237 0.000000 0.000000 0.000000 1.000000
0.993101 -0.106829 0.048355 0.320531 0.116669 0.941625 -0.315801 79.715294 -0.011796 0.319264 0.947592 -5.510143 0.000000 0.000000 0.000000 1.000000
0.998763 -0.031157 0.038747 0.949146 0.044519 0.907401 -0.417901 79.926041 -0.022139 0.419110 0.907666 -4.708545 0.000000 0.000000 0.000000 1.000000
0.999695 0.024424 0.003718 1.539306 -0.018738 0.847670 -0.530192 77.860092 -0.016101 0.529961 0.847869 -3.400494 0.000000 0.000000 0.000000 1.000000
0.999026 0.006783 -0.043603 1.767128 -0.030516 0.819948 -0.571624 74.295998 0.031875 0.572398 0.819356 -2.156679 0.000000 0.000000 0.000000 1.000000
0.996405 -0.028933 -0.079618 2.887474 -0.008688 0.900003 -0.435797 71.249275 0.084265 0.434922 0.896517 -2.951685 0.000000 0.000000 0.000000 1.000000
0.993258 -0.030100 -0.111947 4.463938 0.001025 0.967945 -0.251160 70.224854 0.115919 0.249352 0.961450 -4.207869 0.000000 0.000000 0.000000 1.000000
0.990306 -0.005254 -0.138804 5.934876 -0.034921 0.957771 -0.285405 68.885849 0.134442 0.287485 0.948302 -3.393985 0.000000 0.000000 0.000000 1.000000
0.987444 0.053853 -0.148510 7.616853 -0.117093 0.880559 -0.459244 68.540436 0.106040 0.470867 0.875808 -1.553583 0.000000 0.000000 0.000000 1.000000
0.990105 0.067338 -0.123116 8.841390 -0.124636 0.825130 -0.551023 70.962517 0.064481 0.560915 0.825358 -0.380692 0.000000 0.000000 0.000000 1.000000
0.986031 0.080788 -0.145657 10.724985 -0.137881 0.886507 -0.441694 73.067261 0.093442 0.455607 0.885263 -1.219206 0.000000 0.000000 0.000000 1.000000
0.968735 0.156727 -0.192324 13.141110 -0.193606 0.962307 -0.191001 75.145050 0.155140 0.222265 0.962564 -2.466578 0.000000 0.000000 0.000000 1.000000
0.965286 0.138194 -0.221644 13.321542 -0.153382 0.986758 -0.052758 75.826538 0.211418 0.084923 0.973699 -3.059134 0.000000 0.000000 0.000000 1.000000
0.973931 0.075103 -0.214052 11.723247 -0.087295 0.995022 -0.048076 74.826653 0.209375 0.065508 0.975639 -3.598668 0.000000 0.000000 0.000000 1.000000
0.988750 0.044387 -0.142840 9.894011 -0.080545 0.962677 -0.258391 72.556343 0.126040 0.266989 0.955422 -2.686052 0.000000 0.000000 0.000000 1.000000
0.996231 0.050977 -0.070178 8.454435 -0.076354 0.899271 -0.430676 70.648216 0.041154 0.434411 0.899774 -1.601176 0.000000 0.000000 0.000000 1.000000
0.998966 0.038870 -0.023567 6.944118 -0.045005 0.918644 -0.392515 69.314644 0.006393 0.393170 0.919444 -2.146809 0.000000 0.000000 0.000000 1.000000
0.999921 0.003843 -0.011962 5.545327 -0.005926 0.983782 -0.179270 67.471741 0.011079 0.179327 0.983727 -4.000958 0.000000 0.000000 0.000000 1.000000
0.999863 -0.010158 -0.013076 5.040512 0.009567 0.998963 -0.044512 66.216637 0.013514 0.044380 0.998923 -5.325804 0.000000 0.000000 0.000000 1.000000
0.997557 -0.060419 -0.035074 4.153208 0.052001 0.977430 -0.204761 68.647331 0.046654 0.202437 0.978183 -4.150624 0.000000 0.000000 0.000000 1.000000
0.994062 -0.098627 -0.045983 3.268773 0.075282 0.928410 -0.363852 71.668358 0.078576 0.358229 0.930321 -3.355409 0.000000 0.000000 0.000000 1.000000
0.994347 -0.103976 -0.021532 2.773513 0.084618 0.898450 -0.430846 74.408318 0.064143 0.426588 0.902169 -3.619073 0.000000 0.000000 0.000000 1.000000
0.996558 -0.071413 -0.042099 3.086942 0.042077 0.873301 -0.485360 74.805992 0.071427 0.481918 0.873300 -3.719988 0.000000 0.000000 0.000000 1.000000
0.997265 -0.032181 -0.066532 3.869423 -0.000385 0.897950 -0.440097 73.558258 0.073905 0.438919 0.895482 -3.710477 0.000000 0.000000 0.000000 1.000000
0.995570 -0.058346 -0.073724 4.549725 0.042072 0.977723 -0.205638 70.783699 0.084080 0.201626 0.975847 -5.824149 0.000000 0.000000 0.000000 1.000000
0.986366 -0.115269 -0.117457 4.811600 0.098715 0.985480 -0.138146 68.149155 0.131676 0.124668 0.983422 -6.176269 0.000000 0.000000 0.000000 1.000000
0.985408 -0.099418 -0.138159 5.956225 0.053315 0.951128 -0.304158 67.241684 0.161646 0.292354 0.942550 -4.570121 0.000000 0.000000 0.000000 1.000000
0.988498 -0.072489 -0.132730 7.421552 0.021510 0.936109 -0.351050 67.637466 0.149697 0.344158 0.926902 -4.911472 0.000000 0.000000 0.000000 1.000000
0.986368 -0.072588 -0.147677 8.241691 0.037154 0.972514 -0.229863 68.887001 0.160303 0.221243 0.961954 -6.609633 0.000000 0.000000 0.000000 1.000000
0.985027 -0.003383 -0.172367 9.414686 -0.005379 0.998718 -0.050342 71.631630 0.172317 0.050515 0.983746 -8.210639 0.000000 0.000000 0.000000 1.000000
0.973660 0.128826 -0.188124 10.838398 -0.138088 0.989731 -0.036930 74.880196 0.181434 0.061935 0.981451 -8.386128 0.000000 0.000000 0.000000 1.000000
0.967745 0.166229 -0.189310 11.285711 -0.194420 0.970650 -0.141562 76.748886 0.160222 0.173801 0.971659 -8.582200 0.000000 0.000000 0.000000 1.000000
0.977943 0.084228 -0.191135 9.541134 -0.134275 0.954462 -0.266408 76.926964 0.159992 0.286197 0.944719 -8.865377 0.000000 0.000000 0.000000 1.000000
0.989015 0.002236 -0.147800 7.513917 -0.066172 0.900799 -0.429164 74.750900 0.132179 0.434230 0.891052 -7.984558 0.000000 0.000000 0.000000 1.000000
0.992764 -0.038014 -0.113905 6.214921 -0.021612 0.876515 -0.480888 72.524002 0.118120 0.479871 0.869352 -7.888515 0.000000 0.000000 0.000000 1.000000
0.987722 -0.060392 -0.144074 4.975801 -0.000822 0.920230 -0.391376 69.896004 0.156217 0.386689 0.908883 -8.861607 0.000000 0.000000 0.000000 1.000000
0.978255 -0.050179 -0.201243 4.056191 0.017459 0.986771 -0.161179 69.429703 0.206668 0.154160 0.966190 -10.446856 0.000000 0.000000 0.000000 1.000000
0.969525 -0.029482 -0.243210 3.666378 0.030941 0.999519 0.002181 69.900879 0.243029 -0.009640 0.969971 -11.094326 0.000000 0.000000 0.000000 1.000000
0.954628 -0.068885 -0.289725 2.398586 0.062278 0.997547 -0.031975 71.862556 0.291217 0.012481 0.956576 -10.498466 0.000000 0.000000 0.000000 1.000000
0.940593 -0.098145 -0.325043 0.903259 0.039055 0.982232 -0.183564 74.476677 0.337283 0.159964 0.927713 -10.066856 0.000000 0.000000 0.000000 1.000000
0.948787 -0.096018 -0.300972 0.476613 -0.015371 0.937534 -0.347553 77.282074 0.315542 0.334380 0.888045 -9.185978 0.000000 0.000000 0.000000 1.000000
0.961771 -0.040975 -0.270774 1.224135 -0.073248 0.914231 -0.398519 78.203400 0.263879 0.403117 0.876279 -8.515251 0.000000 0.000000 0.000000 1.000000
0.971106 0.030306 -0.236718 2.809742 -0.092456 0.962218 -0.256101 76.085182 0.220013 0.270587 0.937217 -9.932014 0.000000 0.000000 0.000000 1.000000
0.979228 0.061680 -0.193151 4.695219 -0.078155 0.993817 -0.078869 73.130020 0.187092 0.092327 0.977994 -11.675028 0.000000 0.000000 0.000000 1.000000
0.979004 0.049358 -0.197774 6.300972 -0.104908 0.953882 -0.281253 69.712685 0.174771 0.296096 0.939033 -9.529383 0.000000 0.000000 0.000000 1.000000
0.977273 0.030996 -0.209709 7.809648 -0.117526 0.902524 -0.414292 68.244453 0.176426 0.429523 0.885655 -8.043408 0.000000 0.000000 0.000000 1.000000
0.977728 0.067800 -0.198624 9.982127 -0.140630 0.914147 -0.380209 67.740829 0.155794 0.399674 0.903321 -8.159491 0.000000 0.000000 0.000000 1.000000
0.973362 0.126576 -0.191166 11.503865 -0.177287 0.944227 -0.277499 67.932358 0.145379 0.303998 0.941515 -8.283096 0.000000 0.000000 0.000000 1.000000
0.960117 0.232895 -0.154711 13.278907 -0.258794 0.949683 -0.176431 69.451080 0.105837 0.209433 0.972078 -8.534069 0.000000 0.000000 0.000000 1.000000
0.961344 0.249613 -0.116239 14.459575 -0.274268 0.905463 -0.323905 71.268349 0.024399 0.343265 0.938922 -7.180420 0.000000 0.000000 0.000000 1.000000
0.972545 0.180247 -0.147201 14.866906 -0.229104 0.852597 -0.469670 74.136703 0.040847 0.490499 0.870484 -6.302571 0.000000 0.000000 0.000000 1.000000
0.980720 0.142504 -0.133719 14.386181 -0.191113 0.842244 -0.504084 76.116615 0.040789 0.519921 0.853240 -6.499465 0.000000 0.000000 0.000000 1.000000
0.990445 0.067894 -0.120041 12.014570 -0.118106 0.866993 -0.484122 75.426918 0.071206 0.493674 0.866727 -7.483437 0.000000 0.000000 0.000000 1.000000
0.987244 -0.003615 -0.159171 9.255413 -0.056222 0.927418 -0.369777 72.934921 0.148955 0.374009 0.915385 -8.855948 0.000000 0.000000 0.000000 1.000000
0.984412 0.015566 -0.175190 8.131376 -0.056482 0.971294 -0.231079 70.265060 0.166564 0.237372 0.957032 -10.524830 0.000000 0.000000 0.000000 1.000000
0.984601 0.011672 -0.174425 6.466465 -0.075305 0.928766 -0.362937 69.427185 0.157764 0.370484 0.915343 -8.935755 0.000000 0.000000 0.000000 1.000000
0.979569 -0.055646 -0.193257 3.833571 -0.033844 0.901637 -0.431166 69.511757 0.198240 0.428898 0.881333 -8.271594 0.000000 0.000000 0.000000 1.000000
0.979774 -0.103852 -0.171048 1.871755 0.017895 0.896832 -0.442008 69.407097 0.199305 0.430007 0.880552 -7.964160 0.000000 0.000000 0.000000 1.000000
0.972978 -0.160679 -0.165821 0.122370 0.089339 0.924194 -0.371326 70.296692 0.212915 0.346478 0.913576 -7.890860 0.000000 0.000000 0.000000 1.000000
0.963388 -0.192491 -0.186629 -2.123391 0.129366 0.943436 -0.305276 73.562805 0.234835 0.269956 0.933797 -7.963126 0.000000 0.000000 0.000000 1.000000
0.969642 -0.186654 -0.157970 -4.214536 0.110115 0.910111 -0.399465 77.119453 0.218332 0.369944 0.903035 -7.110679 0.000000 0.000000 0.000000 1.000000
0.979992 -0.102251 -0.170765 -4.557717 0.000798 0.859964 -0.510354 78.865608 0.199036 0.500006 0.842839 -6.177288 0.000000 0.000000 0.000000 1.000000
0.973608 0.018327 -0.227488 -4.158838 -0.144202 0.821995 -0.550936 78.942001 0.176897 0.569200 0.802944 -5.207211 0.000000 0.000000 0.000000 1.000000
0.965488 0.112483 -0.234906 -3.038642 -0.221575 0.828775 -0.513845 77.313072 0.136885 0.548161 0.825095 -4.972107 0.000000 0.000000 0.000000 1.000000
0.969824 0.106046 -0.219535 -1.665568 -0.185435 0.905447 -0.381810 73.942894 0.158289 0.410998 0.897789 -6.117288 0.000000 0.000000 0.000000 1.000000
0.966838 0.070144 -0.245569 -0.306036 -0.133813 0.958124 -0.253163 70.742195 0.217528 0.277628 0.935737 -6.946230 0.000000 0.000000 0.000000 1.000000
0.973708 0.035045 -0.225090 0.575381 -0.119874 0.919051 -0.375467 69.612122 0.193711 0.392577 0.899088 -5.683272 0.000000 0.000000 0.000000 1.000000
0.980147 0.062261 -0.188243 2.337865 -0.144878 0.873062 -0.465589 69.032181 0.135359 0.483618 0.864749 -4.846414 0.000000 0.000000 0.000000 1.000000
0.971416 0.126688 -0.200753 4.081892 -0.207036 0.865887 -0.455386 68.943344 0.116137 0.483932 0.867365 -4.424824 0.000000 0.000000 0.000000 1.000000
0.961975 0.203313 -0.182394 5.990128 -0.251505 0.919801 -0.301183 70.902466 0.106532 0.335603 0.935960 -4.745718 0.000000 0.000000 0.000000 1.000000
0.953103 0.259506 -0.155727 8.678164 -0.290011 0.930252 -0.224778 74.780479 0.086534 0.259399 0.961886 -4.429770 0.000000 0.000000 0.000000 1.000000
0.953366 0.226850 -0.199078 9.542321 -0.282223 0.903828 -0.321628 77.209145 0.106971 0.362813 0.925702 -3.510902 0.000000 0.000000 0.000000 1.000000
0.978245 0.136743 -0.156006 9.040465 -0.192813 0.876795 -0.440515 78.042633 0.076548 0.461012 0.884086 -3.046078 0.000000 0.000000 0.000000 1.000000
0.997607 0.027553 -0.063410 7.687216 -0.054104 0.882127 -0.467893 76.816330 0.043044 0.470204 0.881507 -2.696087 0.000000 0.000000 0.000000 1.000000
0.996140 -0.016277 -0.086262 6.345819 -0.014763 0.937598 -0.347408 74.177086 0.086534 0.347340 0.933738 -3.837074 0.000000 0.000000 0.000000 1.000000
0.994978 0.050044 -0.086690 5.466361 -0.074656 0.947917 -0.309645 71.920769 0.066679 0.314562 0.946892 -4.711385 0.000000 0.000000 0.000000 1.000000
0.988182 0.139406 -0.063737 4.041185 -0.153272 0.893171 -0.422792 71.023956 -0.002012 0.427564 0.903983 -4.202574 0.000000 0.000000 0.000000 1.000000
0.973263 0.201550 -0.110164 2.733999 -0.229612 0.841077 -0.489764 69.272469 -0.006055 0.501964 0.864867 -3.959435 0.000000 0.000000 0.000000 1.000000
0.971542 0.159503 -0.175113 1.059983 -0.223121 0.864439 -0.450514 67.825821 0.079516 0.476764 0.875427 -5.007362 0.000000 0.000000 0.000000 1.000000
0.973126 0.103139 -0.205886 0.092619 -0.175145 0.911979 -0.370970 69.723381 0.149503 0.397060 0.905534 -5.767064 0.000000 0.000000 0.000000 1.000000
0.965814 0.020953 -0.258388 -1.816768 -0.107969 0.938679 -0.327453 74.238556 0.235682 0.344156 0.908851 -5.807238 0.000000 0.000000 0.000000 1.000000
0.957119 -0.013629 -0.289373 -2.986744 -0.102490 0.918359 -0.382248 79.114937 0.270958 0.395515 0.877582 -5.360571 0.000000 0.000000 0.000000 1.000000
0.945519 0.018991 -0.325013 -2.533313 -0.175980 0.869704 -0.461136 81.178772 0.273908 0.493209 0.825663 -4.312803 0.000000 0.000000 0.000000 1.000000
0.913714 0.061274 -0.401712 -1.940120 -0.241548 0.876856 -0.415666 80.255188 0.326774 0.476833 0.815996 -3.743415 0.000000 0.000000 0.000000 1.000000
0.894861 0.154985 -0.418574 -0.654497 -0.285833 0.919248 -0.270707 77.428375 0.342818 0.361888 0.866899 -3.691080 0.000000 0.000000 0.000000 1.000000
0.903366 0.239228 -0.355948 1.354042 -0.298783 0.946468 -0.122179 76.174385 0.307665 0.216724 0.926484 -2.942364 0.000000 0.000000 0.000000 1.000000
0.904262 0.245335 -0.349457 3.188905 -0.275646 0.960469 -0.038975 76.328949 0.326081 0.131570 0.936141 -1.560491 0.000000 0.000000 0.000000 1.000000
0.913322 0.219891 -0.342769 5.745821 -0.243769 0.969440 -0.027624 78.050179 0.326220 0.108786 0.939014 -1.000407 0.000000 0.000000 0.000000 1.000000
0.931607 0.178810 -0.316441 8.861071 -0.222721 0.968856 -0.108227 80.873558 0.287233 0.171303 0.942418 -1.421168 0.000000 0.000000 0.000000 1.000000
0.936895 0.129760 -0.324639 11.432079 -0.205456 0.955660 -0.210954 84.296349 0.282871 0.264340 0.922013 -2.760155 0.000000 0.000000 0.000000 1.000000
0.947517 0.070728 -0.311783 12.548038 -0.167700 0.940241 -0.296351 87.299202 0.272191 0.333084 0.902755 -4.377619 0.000000 0.000000 0.000000 1.000000
0.971708 -0.000375 -0.236184 12.077227 -0.088487 0.926586 -0.365524 89.198090 0.218981 0.376082 0.900339 -5.295176 0.000000 0.000000 0.000000 1.000000
0.987924 -0.073951 -0.136156 10.571580 0.023983 0.941145 -0.337152 89.723175 0.153075 0.329815 0.931553 -5.219878 0.000000 0.000000 0.000000 1.000000
0.988186 -0.142701 -0.055907 8.948447 0.125589 0.963041 -0.238283 88.313744 0.087844 0.228447 0.969585 -4.522016 0.000000 0.000000 0.000000 1.000000
0.979460 -0.201551 -0.005911 7.513386 0.197664 0.965537 -0.169312 86.401833 0.039832 0.164666 0.985545 -3.423347 0.000000 0.000000 0.000000 1.000000
0.969677 -0.234605 0.068461 5.973097 0.241769 0.961787 -0.128503 85.263824 -0.035698 0.141158 0.989343 -3.147468 0.000000 0.000000 0.000000 1.000000
0.957944 -0.224338 0.178928 3.851718 0.248701 0.960125 -0.127703 84.462379 -0.143144 0.166832 0.975539 -4.249903 0.000000 0.000000 0.000000 1.000000
0.951248 -0.164549 0.260865 0.874496 0.216577 0.958555 -0.185114 84.943420 -0.219593 0.232586 0.947461 -6.438790 0.000000 0.000000 0.000000 1.000000
0.939273 -0.081833 0.333270 -2.907014 0.165432 0.958833 -0.230808 87.126404 -0.300662 0.271925 0.914144 -9.413740 0.000000 0.000000 0.000000 1.000000
0.926871 -0.028795 0.374273 -6.674409 0.134571 0.956271 -0.259687 90.582253 -0.350429 0.291062 0.890215 -12.532883 0.000000 0.000000 0.000000 1.000000
0.946368 0.026292 0.322020 -9.551426 0.078527 0.948079 -0.308188 94.268753 -0.313404 0.316947 0.895166 -15.008280 0.000000 0.000000 0.000000 1.000000
0.967430 0.120086 0.222840 -10.628035 -0.035681 0.936215 -0.349612 96.503929 -0.250610 0.330274 0.910008 -15.992859 0.000000 0.000000 0.000000 1.000000
0.969364 0.213342 0.121731 -11.046879 -0.170538 0.941230 -0.291552 96.846016 -0.176777 0.261861 0.948778 -16.118462 0.000000 0.000000 0.000000 1.000000
0.958994 0.280820 0.038351 -11.095968 -0.271617 0.949236 -0.158665 95.450439 -0.080960 0.141742 0.986587 -15.641114 0.000000 0.000000 0.000000 1.000000
0.945292 0.323759 -0.040047 -10.596572 -0.325019 0.945222 -0.030309 94.785141 0.028041 0.041667 0.998738 -14.345335 0.000000 0.000000 0.000000 1.000000
0.928430 0.347892 -0.130340 -9.510720 -0.343760 0.937521 0.053699 92.819916 0.140878 -0.005050 0.990014 -13.701933 0.000000 0.000000 0.000000 1.000000
0.917823 0.338938 -0.206691 -7.791793 -0.319004 0.939581 0.124196 92.185791 0.236297 -0.048055 0.970492 -14.044652 0.000000 0.000000 0.000000 1.000000
0.925182 0.301574 -0.230417 -5.204336 -0.287463 0.953230 0.093372 93.555199 0.247799 -0.020150 0.968602 -14.877224 0.000000 0.000000 0.000000 1.000000
0.945183 0.247761 -0.212707 -2.775294 -0.254109 0.967172 -0.002594 95.372299 0.205082 0.056502 0.977113 -17.114616 0.000000 0.000000 0.000000 1.000000
0.957865 0.244454 -0.150786 -0.334451 -0.260035 0.961027 -0.093852 97.842636 0.121967 0.129107 0.984101 -20.377571 0.000000 0.000000 0.000000 1.000000
0.977763 0.197161 -0.071467 0.855134 -0.206843 0.962852 -0.173588 100.259178 0.034588 0.184510 0.982222 -23.529081 0.000000 0.000000 0.000000 1.000000
0.991045 0.129776 -0.031425 1.253771 -0.133520 0.965494 -0.223594 100.438240 0.001323 0.225787 0.974176 -24.880281 0.000000 0.000000 0.000000 1.000000
0.992915 0.097152 -0.068415 1.328096 -0.109487 0.971748 -0.209088 98.358269 0.046169 0.215097 0.975501 -24.476660 0.000000 0.000000 0.000000 1.000000
0.988936 0.083621 -0.122524 1.026885 -0.098401 0.987883 -0.120015 94.790329 0.111004 0.130744 0.985182 -23.093239 0.000000 0.000000 0.000000 1.000000
0.979987 0.079549 -0.182473 0.206529 -0.088383 0.995251 -0.040789 92.051727 0.178362 0.056100 0.982364 -20.206116 0.000000 0.000000 0.000000 1.000000
0.957839 0.119223 -0.261401 -0.749429 -0.117300 0.992830 0.023007 90.672928 0.262270 0.008625 0.964956 -17.312523 0.000000 0.000000 0.000000 1.000000
0.928153 0.185005 -0.322965 -0.772225 -0.181959 0.982497 0.039885 89.783585 0.324691 0.021747 0.945570 -15.850554 0.000000 0.000000 0.000000 1.000000
0.881928 0.196474 -0.428488 0.103395 -0.205030 0.978394 0.026623 91.217438 0.424460 0.064373 0.903155 -15.820386 0.000000 0.000000 0.000000 1.000000
0.806163 0.146667 -0.573228 1.040945 -0.204710 0.978099 -0.037637 94.015182 0.555153 0.147687 0.818531 -16.515511 0.000000 0.000000 0.000000 1.000000
0.727260 0.028332 -0.685777 1.952557 -0.133278 0.985959 -0.100607 96.890251 0.673298 0.164566 0.720825 -17.479000 0.000000 0.000000 0.000000 1.000000
0.659689 -0.076181 -0.747668 2.865293 -0.074555 0.983308 -0.165973 98.202141 0.747832 0.165233 0.642997 -17.191166 0.000000 0.000000 0.000000 1.000000
0.593282 -0.084872 -0.800508 4.314035 -0.110906 0.976326 -0.185709 98.112099 0.797318 0.198959 0.569824 -15.752438 0.000000 0.000000 0.000000 1.000000
0.518321 -0.034777 -0.854479 6.017043 -0.134471 0.983429 -0.121595 97.733414 0.844548 0.177928 0.505055 -14.263340 0.000000 0.000000 0.000000 1.000000
0.456118 0.041606 -0.888946 7.618575 -0.140563 0.989735 -0.025800 97.440422 0.878748 0.136721 0.457284 -12.756238 0.000000 0.000000 0.000000 1.000000
0.482724 0.113963 -0.868326 8.955657 -0.106437 0.991782 0.070995 97.367775 0.869281 0.058151 0.490887 -10.852563 0.000000 0.000000 0.000000 1.000000
0.569488 0.132595 -0.811235 10.207150 -0.056716 0.990891 0.122144 97.418678 0.820040 -0.023549 0.571821 -9.296250 0.000000 0.000000 0.000000 1.000000
0.726243 0.116655 -0.677468 12.221754 -0.053105 0.992072 0.113898 97.201195 0.685383 -0.046741 0.726681 -8.326909 0.000000 0.000000 0.000000 1.000000
0.865078 0.074923 -0.496010 14.240340 -0.051467 0.996822 0.060808 97.538094 0.498989 -0.027076 0.866185 -8.585482 0.000000 0.000000 0.000000 1.000000
0.954725 0.039142 -0.294903 15.564813 -0.052681 0.997884 -0.038104 98.431084 0.292787 0.051915 0.954767 -9.260079 0.000000 0.000000 0.000000 1.000000
0.998253 0.030948 -0.050327 16.169350 -0.036940 0.991737 -0.122857 99.164001 0.046109 0.124501 0.991148 -9.938108 0.000000 0.000000 0.000000 1.000000
0.986736 0.038827 0.157621 15.928971 -0.015847 0.989377 -0.144506 99.464104 -0.161557 0.140092 0.976869 -10.456142 0.000000 0.000000 0.000000 1.000000
0.960727 0.041495 0.274375 14.111452 0.001807 0.987800 -0.155717 98.962349 -0.277489 0.150097 0.948931 -10.657076 0.000000 0.000000 0.000000 1.000000
0.940042 0.116574 0.320517 11.417377 -0.052379 0.977969 -0.202072 97.819656 -0.337012 0.173168 0.925438 -10.279181 0.000000 0.000000 0.000000 1.000000
0.925548 0.254799 0.280068 8.649026 -0.187364 0.950988 -0.246001 95.890884 -0.329022 0.175212 0.927925 -9.037588 0.000000 0.000000 0.000000 1.000000
0.924998 0.344221 0.160904 5.733237 -0.294316 0.916903 -0.269569 94.289581 -0.240325 0.201994 0.949443 -7.405601 0.000000 0.000000 0.000000 1.000000
0.931128 0.363151 0.033492 3.715649 -0.344949 0.906805 -0.242311 93.586952 -0.118366 0.214070 0.969620 -5.621719 0.000000 0.000000 0.000000 1.000000
0.929661 0.359920 -0.078665 2.694968 -0.368416 0.908309 -0.198101 93.893814 0.000152 0.213148 0.977020 -4.617189 0.000000 0.000000 0.000000 1.000000
0.933486 0.299145 -0.197780 2.829465 -0.330659 0.931461 -0.151807 95.842537 0.138812 0.207107 0.968420 -4.590721 0.000000 0.000000 0.000000 1.000000
0.920057 0.212914 -0.328880 3.788605 -0.285408 0.939315 -0.190339 98.632164 0.268396 0.268988 0.924991 -4.638761 0.000000 0.000000 0.000000 1.000000
0.904033 0.093725 -0.417061 4.451382 -0.230906 0.928145 -0.291940 100.919487 0.359731 0.360225 0.860716 -3.761452 0.000000 0.000000 0.000000 1.000000
0.883019 0.024748 -0.468684 5.508702 -0.201930 0.921489 -0.331786 101.074806 0.423676 0.387615 0.818690 -2.261381 0.000000 0.000000 0.000000 1.000000
0.862282 0.021502 -0.505971 7.157644 -0.184718 0.943621 -0.274697 99.118912 0.471538 0.330329 0.817640 -0.614549 0.000000 0.000000 0.000000 1.000000
0.859625 0.027516 -0.510184 8.640754 -0.137199 0.974305 -0.178623 94.956024 0.492160 0.223545 0.841312 2.002220 0.000000 0.000000 0.000000 1.000000
0.887293 0.001699 -0.461204 9.427751 -0.052136 0.993953 -0.096642 90.694321 0.458250 0.109795 0.882016 5.029418 0.000000 0.000000 0.000000 1.000000
0.924722 -0.026808 -0.379698 10.240298 0.010902 0.998973 -0.043980 89.466431 0.380487 0.036530 0.924065 7.429778 0.000000 0.000000 0.000000 1.000000
